# Visit  CCD  FakeID  FakeX  FakeY   DiffX   DiffY   CmodMag   CmodErr  ExpMag  DevMag  KronMag  SdssR  SdssBa  SdssPa  ExpR  ExpBa  ExpPa  DevR  DevBa  DevPa  fracDev  parentID  nChild  extended
1236 40   3479 1690.75 2438.70  -0.17  -0.30  22.579  0.032  22.579  22.268     nan   3.725   0.944  -3.442   3.573   0.911  -7.007   5.881   0.904  -3.390   0.000 0 0 1 
1236 40   4162 1776.55  691.80  -0.01  -0.18  20.611  0.029  20.775  20.360  20.709   4.141   0.959 -11.096   4.515   0.918 -16.443   8.819   0.887 -17.687   0.423 1061887714263469 0 1 
1236 40   3195  263.64 3753.61  -0.09  -0.05  22.504  0.031  22.847  22.305  22.818   4.287   0.953 -85.460   4.682   0.904  71.709  11.026   0.838  65.178   0.682 0 0 1 
1236 40   1372 1189.38  819.65  -0.63  -0.05  22.570  0.031  22.570  21.885  22.593   5.871   0.725 -23.500   6.869   0.651 -23.614  19.862   0.610 -23.406   0.000 0 0 1 
1236 40   3627 1712.89   63.58  -0.16  -0.20  21.922  0.030  21.921  21.401  21.905   4.495   0.990  28.502   4.865   0.978  10.572  11.031   0.975  -3.956   0.000 0 0 1 
1236 40     15  388.59  777.03  -0.05  -0.06  20.848  0.029  20.988  20.560  20.929   4.364   0.934  58.495   4.728   0.919  58.051   9.292   0.922  49.583   0.356 1061887714263525 0 1 
1236 40   2476  910.88 3509.15   0.25   0.01  22.375  0.031  22.375  22.051  22.932   3.653   0.969 -42.680   3.491   0.940 -41.894   5.800   0.949 -39.193   0.000 0 0 1 
1236 40   3375 1725.90 2680.94  -0.13   0.01  21.020  0.030  21.242  20.867  21.116   3.756   0.974  62.026   3.978   0.952  71.412   7.062   0.957  83.461   0.614 1061887714264694 0 1 
1236 40   4347 1677.83 3582.82   0.28   0.01  22.672  0.033  22.821  22.247     nan   4.706   0.811 -74.486   5.274   0.736 -74.326  12.992   0.690 -74.434   0.306 0 0 1 
1236 40   1851  848.38 2429.20  -0.06  -0.14  20.960  0.029  21.040  20.461  20.990   4.803   0.969  59.194   5.487   0.973  64.212  13.435   0.977  79.522   0.166 0 0 1 
1236 40   1126 1650.12  532.72  -0.06  -0.00     nan    nan     nan     nan  21.085   3.536   0.991  -8.617     nan     nan     nan     nan     nan     nan     nan 1061887714263473 0 1 
1236 40   4238 1979.49 1901.23  -1.00  -1.00   0.000  0.000   0.000   0.000   0.000   0.000   0.000   0.000   0.000   0.000   0.000   0.000   0.000   0.000   0.000 -1 -1 -1 
1236 40   2530  400.92 2150.35  -0.01  -0.01  19.984  0.029  20.136  19.732  20.076   4.181   0.987 -65.604   4.644   0.960 -49.578   8.911   0.927 -43.099   0.402 0 0 1 
1236 40   4232  501.66 3439.54   0.11  -0.15  22.168  0.030  22.182  21.789  22.615   4.030   0.923 -22.926   4.177   0.865 -27.126   8.054   0.805 -32.341   0.040 0 0 1 
1236 40   1479 1377.27 1028.13   0.03  -0.00  20.633  0.029  20.736  20.288  20.708   4.424   0.954  46.756   4.846   0.941  46.320   9.853   0.945  45.529   0.255 0 0 1 
1236 40   3393 2015.14 1278.94  -0.14   0.06  20.455  0.029  20.494  20.200  20.452   3.518   0.999 -31.520   3.408   0.980 -40.249   5.393   0.960 -37.925   0.142 0 0 1 
1236 40   1480  496.57 2364.95  -0.23   0.03  22.574  0.032  22.602  22.045     nan   4.626   0.913  10.532   5.023   0.888   0.127  11.926   0.873  -8.456   0.062 0 0 1 
1236 40   3768   50.20  736.41   0.10  -0.56  22.780  0.034  22.780  22.347  22.744   3.816   0.974  25.105   3.844   0.925   3.108   7.746   0.891  -2.596   0.000 1061887714263503 0 1 
1236 40   2929 1172.31 3410.18   0.01  -0.06  20.340  0.030  20.376  20.081  20.329   3.592   0.973  54.120   3.470   0.976  56.624   5.411   0.989  54.792   0.131 0 0 1 
1236 40    344 1977.88 1007.12  -0.05   0.72     nan    nan     nan     nan     nan   3.107   0.942 -28.595     nan     nan     nan     nan     nan     nan     nan 0 0 1 
1236 40    921 1010.95 1923.29   0.19  -0.43  22.322  0.031  22.322  21.852  22.283   4.444   0.875 -63.749   4.807   0.816 -54.905  10.600   0.738 -48.000   0.000 1061887714264215 0 1 
1236 40   4410 1893.60 2889.27   0.07  -0.07  21.421  0.030  21.532  21.069  21.483   4.314   0.944   7.509   4.676   0.905  -1.443   9.815   0.881  -9.624   0.271 1061887714264799 0 1 
1236 40   1366  438.25  113.04  -0.12  -1.56     nan    nan     nan     nan  20.728   6.436   0.905  57.399     nan     nan     nan     nan     nan     nan     nan 1061887714263111 0 1 
1236 40   1688  206.59 2136.36   0.37   0.63  21.851  0.030  21.879  21.174  21.734   5.777   0.874  68.003   6.918   0.831  68.235  20.120   0.815  67.678   0.053 1061887714264343 0 1 
1236 40   2408  480.31 2182.46  -0.53  -0.07  23.485  0.045  23.813  23.485  23.389   2.763   0.840  -8.229   2.276   0.631 -12.111   3.589   0.683 -27.745   1.000 1061887714264350 0 1 
1236 40    588 1114.64  329.00   0.22   0.37  22.873  0.033  23.219  22.518  23.230   5.169   0.874  74.710   5.936   0.793  75.292  17.260   0.725  76.028   0.568 0 0 1 
1236 40   2609  395.45 3952.10  -0.25   0.20  22.813  0.033  22.973  22.471  22.912   4.251   0.862 -33.298   4.592   0.780 -31.938  10.356   0.711 -30.764   0.363 0 0 1 
1236 40   2916  700.95 3302.13  -0.04  -0.01  20.358  0.029  20.393  19.914  20.369   4.563   0.997   4.124   5.098   0.994 -28.413  11.050   0.977 -38.041   0.085 0 0 1 
1236 40   3880 1082.75 2697.86   0.06  -0.02  20.644  0.029  20.686  20.172  20.659   4.610   0.994  36.146   5.187   0.996 -14.387  11.822   0.977 -20.278   0.098 0 2 1 
1236 40    464   83.33 3944.75   0.04   0.29  22.833  0.033  22.841  22.419  23.289   3.836   0.947  47.590   3.842   0.932  43.966   7.479   0.923  37.340   0.023 0 0 1 
1236 40   4241 1982.00 4058.47   0.06   0.11  22.439  0.033  22.570  21.960  22.375   4.545   0.978 -23.023   5.081   0.945 -59.470  13.317   0.876 -68.452   0.258 1061887714265528 0 1 
1236 40   2586 1089.77  458.85   0.06  -0.04  20.132  0.029  20.156  19.660  20.142   4.772   0.991  67.474   5.383   0.993  62.671  11.892   0.993 -42.749   0.058 0 0 1 
1236 40   4200   30.29 1438.15   0.71   0.85  23.053  0.035  23.078  22.563  23.118   4.001   0.977 -73.085   4.122   0.982  54.241   9.358   0.929  35.759   0.058 0 0 1 
1236 40   4281   52.02 3833.05   0.01  -0.04  21.135  0.029  21.245  20.796  21.209   4.258   0.981 -11.340   4.587   0.964 -16.626   9.340   0.958 -21.243   0.274 0 0 1 
1236 40   3170 1848.27 2633.47   0.02  -0.06  21.210  0.030  21.210  20.749  21.187   4.308   0.964  -1.810   4.662   0.935  -3.970   9.895   0.903  -7.651   0.000 0 0 1 
1236 40   1054 1811.60 2544.12   0.02  -0.10  22.321  0.031  22.369  21.910  22.363   4.286   0.917 -82.034   4.486   0.891 -83.025   9.325   0.870 -80.787   0.122 0 0 1 
1236 40   1098 1698.93 1589.95  -0.22  -0.24  20.976  0.029  21.606  20.928  21.462   4.926   0.918 -79.871   7.743   0.703  57.913  21.387   0.673  57.555   0.944 0 2 1 
1236 40   4376 1532.06 3679.37   0.21   0.05  20.288  0.030  20.450  19.996  20.385   4.674   0.885  37.405   5.235   0.851  38.156  10.763   0.841  36.648   0.390 1061887714265280 0 1 
1236 40    837  448.59 1237.02   0.37   0.12  22.927  0.034  22.927  22.339  22.913   4.477   0.931 -21.138   4.960   0.851 -22.410  12.670   0.773 -21.973   0.000 0 0 1 
1236 40   4260  130.11 3119.57   0.50  -0.15  22.680  0.032  22.782  22.225  22.766   4.933   0.760 -40.499   5.651   0.653 -40.948  13.974   0.579 -41.050   0.219 0 0 1 
1236 40   3665  233.35  421.72   0.13  -0.26  22.021  0.031  22.045  21.646  21.994   4.112   0.901 -18.475   4.312   0.836 -19.563   8.356   0.787 -22.653   0.068 1061887714263328 0 1 
1236 40   2898  126.71  999.56   0.18   0.16  22.329  0.031  22.473  21.965  22.359   4.312   0.922  40.930   4.687   0.879  44.166  10.407   0.859  51.014   0.323 1061887714263663 0 1 
1236 40   3884 1774.52 2964.91   0.01   0.03  21.470  0.030  21.545  21.027  21.477   4.520   0.954 -22.070   5.015   0.920 -19.423  11.512   0.881 -17.801   0.169 0 0 1 
1236 40   2614  534.14 2850.15  -0.02   0.01  19.934  0.029  20.077  19.665  20.006   4.028   0.984 -79.657   4.386   0.954 -52.951   8.676   0.889 -46.405   0.372 0 3 1 
1236 40   3319 1259.92  590.12   0.25   0.23  22.074  0.030  22.074  21.490  22.093   4.690   0.955  74.038   5.110   0.970  59.208  12.601   0.970  35.404   0.000 0 0 1 
1236 40   1040 1550.19 3392.47   0.02  -0.18  20.392  0.030  20.448  20.126  20.382   3.691   0.976  61.317   3.642   0.984  63.015   5.988   0.991 -35.212   0.185 1061887714265105 0 1 
1236 40   2794 1992.63 1846.01  -1.00  -1.00   0.000  0.000   0.000   0.000   0.000   0.000   0.000   0.000   0.000   0.000   0.000   0.000   0.000   0.000   0.000 -1 -1 -1 
1236 40   2029  615.10 3880.69   0.00  -0.12  21.911  0.030  22.046  21.472  22.090   4.933   0.944  41.211   5.488   0.938  35.103  13.264   0.941  37.621   0.278 0 2 1 
1236 40   1419 1687.30 2258.32   0.52   0.43  23.966  0.057  23.966  23.723     nan   3.263   0.941 -29.905   2.919   0.836 -43.721   4.723   0.621 -49.973   0.000 1061887714264416 0 1 
1236 40   1552 1195.98 1877.87  -0.07  -0.03  21.478  0.030  21.539  21.082  21.521   4.322   0.963  79.634   4.576   0.975 -83.366   9.438   0.975 -55.057   0.153 0 0 1 
