# Visit  CCD  FakeID  FakeX  FakeY   DiffX   DiffY   CmodMag   CmodErr  ExpMag  DevMag  KronMag  SdssR  SdssBa  SdssPa  ExpR  ExpBa  ExpPa  DevR  DevBa  DevPa  fracDev  parentID  nChild  extended
1236 73    472  530.63 2872.57  -0.03   0.01  21.137  0.018  21.137  20.599  21.139   4.711   0.958  28.176   5.240   0.948  20.381  12.273   0.938  20.552   0.000 1062029448185512 0 1 
1236 73   2327  208.04 1005.52  -0.13  -0.14  21.575  0.018  21.590  21.192  21.629   3.904   0.980   5.282   4.061   0.940 -20.151   7.860   0.889 -30.241   0.043 0 0 1 
1236 73   3648  149.23 3418.16   0.23   0.42  21.034  0.018  21.423  20.764  21.350   5.553   0.895  41.752   6.742   0.860  43.824  18.248   0.845  48.056   0.650 0 0 1 
1236 73   4419 1768.29 3640.45   0.07  -0.16  23.111  0.028  23.111  22.844  23.593   3.558   0.871  13.165   3.308   0.790  22.033   5.210   0.715  32.812   0.000 0 0 1 
1236 73   4621  401.00 2275.62   0.03  -0.05  19.999  0.017  20.148  19.711  20.081   4.210   0.981 -82.978   4.641   0.970 -75.405   9.305   0.957 -65.882   0.371 1062029448185123 0 1 
1236 73   2836  323.28 1436.99   0.06  -0.07  21.469  0.018  21.469  21.097  21.432   3.795   0.959  77.879   3.780   0.969  85.678   6.829   0.970 -87.056   0.000 0 0 1 
1236 73    895  180.57 2553.62   0.01  -0.04  19.909  0.017  20.072  19.663  20.003   4.106   0.991  56.050   4.517   0.981 -81.713   8.662   0.968 -68.182   0.425 0 0 1 
1236 73   2912 1123.24  746.79   0.39   0.37  22.220  0.019  22.327  21.683  22.343   4.927   0.935  42.138   5.542   0.918  39.621  14.750   0.901  36.562   0.207 0 0 1 
1236 73   2878 1225.05 1495.46   0.17  -0.16  22.976  0.026  23.084  22.725  23.026   3.684   0.939  15.791   3.583   0.902   8.619   6.208   0.908  10.519   0.325 0 0 1 
1236 73   1523 1089.14 1261.51   0.11  -0.23  21.554  0.018  21.743  21.236  21.694   4.421   0.974 -65.598   4.873   0.950 -55.869  10.839   0.927 -54.463   0.416 1062029448184525 0 1 
1236 73   1457 1508.61 1482.20  -0.18   0.23  23.195  0.029  23.267  22.888  25.232   3.942   0.838  -8.442   4.029   0.749  -9.559   7.540   0.688  -8.583   0.211 1062029448184653 0 1 
1236 73   2965  454.56 2803.75   0.01  -0.05  20.227  0.017  20.320  19.813  20.272   4.590   0.986 -26.183   5.325   0.957 -26.752  12.042   0.934 -30.744   0.211 0 0 1 
1236 73   2121 1455.56 3562.94   0.29  -0.24  22.951  0.025  23.175  22.684  23.086   4.673   0.744  35.248   5.026   0.645  29.644  11.087   0.589  25.348   0.502 0 0 1 
1236 73   1932 1468.78  499.80   0.14  -0.47     nan    nan     nan     nan     nan   3.181   0.907 -10.999     nan     nan     nan     nan     nan     nan     nan 0 0 1 
1236 73   4436  158.41 3424.84  -1.00  -1.00   0.000  0.000   0.000   0.000   0.000   0.000   0.000   0.000   0.000   0.000   0.000   0.000   0.000   0.000   0.000 -1 -1 -1 
1236 73   2339  424.07  695.21  -0.37   0.05  22.929  0.025  22.929  22.401     nan   4.092   0.918 -32.288   4.446   0.847 -39.677  10.475   0.782 -44.484   0.000 0 0 1 
1236 73   4813  368.04 3677.97   0.14  -0.03  22.319  0.020  22.318  21.811  22.344   4.189   0.970   3.546   4.463   0.953  -5.093  10.072   0.925 -14.568   0.000 0 0 1 
1236 73   2321 1653.72 2208.02  -0.71  -0.14  23.113  0.028  23.418  23.061  23.278   3.913   0.746   4.987   4.196   0.566   4.336   7.690   0.472   4.875   0.869 0 0 1 
1236 73   4669 1101.84   20.85  -1.00  -1.00   0.000  0.000   0.000   0.000   0.000   0.000   0.000   0.000   0.000   0.000   0.000   0.000   0.000   0.000   0.000 -1 -1 -1 
1236 73   1570  990.64 3606.44   0.11  -0.30  22.175  0.019  22.465  21.961  22.359   4.354   0.899  55.107   4.806   0.844  52.110  10.595   0.819  51.677   0.618 1062029448185940 0 1 
1236 73   4595 1728.58 4116.63  -0.36  -0.26  23.341  0.031  23.429  22.963  23.103   4.348   0.806 -82.656   4.827   0.703 -78.682  10.539   0.628 -77.336   0.217 1062029448186210 0 1 
1236 73   2318   29.50 1538.71  -0.50   0.29  21.981  0.019  22.042  21.490     nan   4.567   0.956   8.560   5.026   0.945  25.702  12.018   0.917  42.701   0.133 0 3 1 
1236 73   3655  841.00 1773.96  -0.01  -0.15  21.528  0.018  21.535  21.069  21.515   4.374   0.954  -6.656   4.761   0.915 -14.540  10.257   0.868 -17.542   0.017 0 0 1 
1236 73   4075  924.68 3351.98  -0.04   0.00     nan    nan     nan     nan  20.963   3.995   0.960  71.783     nan     nan     nan     nan     nan     nan     nan 1062029448185774 0 1 
1236 73    520  988.52 1981.45   0.03   0.07  20.882  0.018  20.882  20.369  20.891   4.623   0.982 -25.946   5.235   0.948 -35.599  12.049   0.926 -40.231   0.000 1062029448184962 0 1 
1236 73    242  770.72  160.40   0.06   0.02  20.654  0.017  20.714  20.254  20.674   4.391   0.977  34.041   4.801   0.979  15.022  10.089   0.966  -6.893   0.150 1062029448183895 0 1 
1236 73   2973 1514.65 2413.38   0.02   0.11  22.608  0.022  22.620  22.218     nan   3.774   0.971  20.054   3.818   0.933  13.625   7.277   0.909  12.588   0.035 0 0 1 
1236 73   3439 1182.22 2757.13   0.01  -0.04  20.476  0.017  20.537  20.083  20.513   4.308   0.992 -80.612   4.733   0.982 -51.444   9.849   0.969 -41.807   0.152 0 0 1 
1236 73    351  626.55 3546.47   0.16   0.04  20.515  0.018  20.592  20.075  20.560   4.642   0.972  14.763   5.259   0.953   9.798  11.978   0.937  -1.682   0.175 1062029448185893 0 1 
1236 73   4557 1903.08 1234.99  -0.08  -0.08  21.278  0.018  21.789  21.097  21.689   5.068   0.881   0.780   5.995   0.844   3.980  17.039   0.797  14.197   0.788 0 2 1 
1236 73   4339  182.05 1780.21  -0.13  -0.11  23.922  0.051  23.922  23.651  23.702   3.551   0.764  61.067   3.158   0.653  65.127   4.602   0.687  75.656   0.000 0 0 1 
1236 73   2585 1083.86 4009.87   0.04  -0.01  21.364  0.018  21.418  21.014  21.371   3.837   0.981  28.245   3.951   0.974   4.804   7.539   0.963  -9.987   0.150 0 0 1 
1236 73   1377  441.19 1111.46  -0.05  -0.17  21.490  0.018  21.625  21.143  21.568   4.184   0.939 -58.644   4.563   0.890 -56.532   9.872   0.855 -56.386   0.315 1062029448184455 0 1 
1236 73   2097 1792.33   76.45   0.15   0.06  21.973  0.019  22.065  21.608  22.027   4.245   0.924  43.665   4.462   0.900  38.007   9.184   0.890  36.735   0.230 0 0 1 
1236 73     21 1742.29 1634.43   0.04   0.00  20.528  0.018  20.568  20.167  20.524   3.916   0.994 -72.590   4.103   0.983 -43.416   7.848   0.962 -43.527   0.110 0 0 1 
1236 73    850  850.52 3484.92   0.21   0.04  21.011  0.018  21.057  20.600  21.015   4.214   0.950  26.246   4.591   0.923  17.973   9.594   0.907  14.420   0.117 0 0 1 
1236 73   3698  696.41 2471.92   0.33   0.01  21.968  0.019  21.968  21.471  21.966   4.443   0.933  63.593   4.791   0.916  72.462  10.645   0.891  80.725   0.000 0 0 1 
1236 73   4189  868.07 2666.97   0.10  -0.09     nan    nan     nan     nan  20.683   4.973   0.982 -41.985     nan     nan     nan     nan     nan     nan     nan 1062029448185374 0 1 
1236 73    980   41.68  820.27   0.32  -0.27  21.133  0.018  21.211  20.659  21.260   4.928   0.897 -57.911   5.824   0.828 -62.939  14.181   0.781 -63.782   0.168 0 0 1 
1236 73   2677 1987.51  702.59   0.36  -0.26  22.052  0.019  22.683  22.052  22.448   4.155   0.938  20.688   7.442   0.715  42.377  18.790   0.703  42.351   1.000 0 3 1 
1236 73    262 1426.21 2190.78   0.04  -0.05     nan    nan     nan     nan  20.108   4.267   0.983 -56.984     nan     nan     nan     nan     nan     nan     nan 1062029448185137 0 1 
1236 73    286 2015.06 1550.77  -0.06   0.23  20.082  0.017  20.146  19.695  20.105   4.449   0.982  83.441   4.916   0.983 -70.186  10.186   0.971 -51.835   0.158 0 0 1 
1236 73   4836  802.19  655.90  -0.26  -0.17  21.833  0.018  21.996  21.394  21.985   4.957   0.907 -59.682   5.791   0.848 -63.360  14.970   0.797 -62.593   0.319 0 2 1 
1236 73   2800 1884.80 3977.69   0.01  -0.02  22.133  0.020  22.167  21.841  22.121   3.590   0.974  82.827   3.445   0.974 -80.538   5.799   0.953 -75.440   0.115 1062029448186147 0 1 
1236 73   4195 1564.00  679.70   0.12  -0.04  20.737  0.018  20.763  20.385  20.725   3.909   0.984  -2.760   4.068   0.954 -18.554   7.518   0.930 -25.574   0.076 0 0 1 
1236 73   1234 1042.44 2670.30   0.08  -0.06  22.799  0.024  22.929  22.599  22.836   3.378   0.940  59.337   3.258   0.883  63.299   5.585   0.813  68.816   0.418 0 0 1 
1236 73   2564   59.04 2850.65   0.83  -0.41     nan    nan     nan     nan     nan   2.813   0.935  35.937     nan     nan     nan     nan     nan     nan     nan 0 0 1 
1236 73   3686  688.02 2738.31   0.03   0.05  20.586  0.017  20.672  20.228  20.635   4.324   0.961   2.519   4.739   0.937  -3.654   9.731   0.916  -8.232   0.216 0 0 1 
1236 73   4702 1793.21 2146.04  -1.00  -1.00   0.000  0.000   0.000   0.000   0.000   0.000   0.000   0.000   0.000   0.000   0.000   0.000   0.000   0.000   0.000 -1 -1 -1 
1236 73    738 1513.69  828.80   0.04  -0.11  21.422  0.018  21.428  21.057  21.394   3.777   0.974 -71.334   3.839   0.954 -60.030   7.006   0.930 -52.971   0.020 0 0 1 
