# Visit  CCD  FakeID  FakeX  FakeY   DiffX   DiffY   CmodMag   CmodErr  ExpMag  DevMag  KronMag  SdssR  SdssBa  SdssPa  ExpR  ExpBa  ExpPa  DevR  DevBa  DevPa  fracDev  SdssMiter ExpMiter DevMiter parentID  nChild  extended
1236 40 149638 1732.91 2899.03   0.07   0.15  21.961  0.031  22.233  21.961  22.008   3.340   0.746  20.283   3.249   0.548  17.522   4.817   0.517  15.742   1.000 0 0 0 1061887714264804 0 1 
1236 40 143032 1540.17 3008.05   0.00   0.00  19.928  0.030  20.101  19.929  19.940   2.668   0.950  43.412   2.090   0.922  41.932   2.414   0.927  33.374   1.000 0 0 0 1061887714264871 0 1 
1236 40  57165  933.55 1861.70  -0.00  -0.07  19.478  0.029  19.804  19.478  19.612   3.840   0.721  53.912   4.457   0.553  53.870   7.204   0.518  53.730   1.000 0 0 0 1061887714264161 0 1 
1236 40 105659 1429.50 1951.78  -0.12   0.04  22.257  0.031  22.478  22.259  22.277   2.826   0.916 -89.522   2.345   0.818 -84.437   3.082   0.804  87.351   1.000 0 0 0 1061887714264244 0 1 
1236 40 199305 1782.68 4071.28   0.18  -0.38  20.837  0.031  21.129  20.837  20.912   3.370   0.917 -82.680   3.481   0.832 -76.338   5.270   0.805 -71.748   1.000 0 0 0 0 0 1 
1236 40  87173 1495.16 2466.12  -0.03  -0.12  22.947  0.036  23.021  22.918  22.978   2.884   0.794  78.122   2.380   0.539  80.737   2.656   0.391  80.782   0.713 0 0 0 0 0 1 
1236 40  69403 1172.17 2594.64   0.01   0.01  19.752  0.029  19.984  19.753  19.807   2.834   0.947  65.717   2.458   0.912  73.376   3.220   0.915  78.469   1.000 0 0 0 1061887714264623 0 1 
1236 40 191609 1479.60 1345.86  -0.04  -0.17  22.087  0.031  22.290  22.067  22.173   3.036   0.934 -88.126   2.631   0.872 -83.714   3.515   0.846 -77.200   0.914 0 0 0 0 0 1 
1236 40  21270  597.72 3147.24  -0.07  -0.03  21.116  0.029  21.427  21.108  21.244   3.425   0.883 -62.469   3.514   0.785 -60.498   5.645   0.754 -57.131   0.977 0 0 0 1061887714264951 0 1 
1236 40  89077  430.70 3175.73   0.08  -0.01  22.169  0.030  22.588  22.128  22.362   4.418   0.758 -79.332   5.162   0.653 -79.903  10.517   0.632 -78.308   0.921 0 0 0 1061887714264971 0 1 
1236 40 102416  288.76 2177.34  -0.02  -0.34  22.184  0.031  22.361  22.149  22.229   3.061   0.893  23.246   2.707   0.779  19.664   3.687   0.696  17.677   0.835 0 0 0 0 0 1 
1236 40 114902  377.44 2158.47   0.05  -0.09  22.938  0.035  23.120  22.886  23.005   3.546   0.772 -28.574   3.304   0.610 -27.239   4.562   0.592 -27.425   0.784 0 0 0 1061887714264354 0 1 
1236 40  80086 1724.68 3311.90  -0.02  -0.08  21.094  0.030  21.435  21.094  21.181   3.459   0.834  -3.458   3.627   0.706  -3.350   6.121   0.646  -3.140   1.000 0 0 0 1061887714265054 0 1 
1236 40 140645 1185.81 1234.36  -0.15  -0.03  22.114  0.031  22.352  22.115  22.158   3.137   0.785  79.568   2.926   0.561  81.814   4.139   0.497  82.128   1.000 0 0 0 1061887714263798 0 1 
1236 40  37088  161.59  317.75  -0.07  -0.05  22.568  0.033  22.658  22.520  22.586   2.958   0.863  51.490   2.388   0.709  49.640   2.771   0.620  50.165   0.655 0 0 0 0 0 1 
1236 40  42963  656.85 1266.85  -0.02   0.04  22.002  0.030  22.426  21.930  22.116   3.884   0.914  53.884   4.403   0.842  55.517   9.506   0.805  58.760   0.876 0 0 0 0 0 1 
1236 40 116061 1098.15  346.54  -0.39  -0.46  23.295  0.041  23.327  23.222  23.282   2.988   0.923 -48.372   2.437   0.791 -47.940   2.753   0.634 -54.931   0.290 0 0 0 0 0 1 
1236 40 116686  571.39 3240.51  -0.20  -0.19  23.123  0.037  23.365  23.123  23.246   3.309   0.749  68.509   3.197   0.511  70.787   4.717   0.420  74.794   1.000 0 0 0 0 0 1 
1236 40 198312  423.33 2255.39  -0.02  -0.36  22.218  0.031  22.511  22.218  22.317   3.557   0.694  82.257   3.674   0.460  83.532   5.685   0.437  85.099   1.000 0 0 0 1061887714264425 0 1 
1236 40  69068 1178.36 3889.18  -0.00   0.19  21.705  0.030  22.297  21.707  21.959   5.661   0.592 -22.079   6.805   0.538 -19.029  15.610   0.576 -14.725   1.000 0 0 0 0 3 1 
1236 40  94246 1786.95  714.26  -0.03  -0.04  20.371  0.029  20.640  20.372  20.460   3.235   0.848   0.774   3.153   0.710  -1.734   4.602   0.672  -3.997   1.000 0 0 0 1061887714263487 0 1 
1236 40 137268  685.42  466.85  -0.16  -0.70     nan    nan     nan     nan     nan   3.245   0.828  -6.139     nan     nan     nan     nan     nan     nan     nan 0 0 0 1061887714263359 0 1 
1236 40  59148  802.11  153.97  -0.03   0.09  20.496  0.029  21.126  20.497  20.888   5.262   0.829  51.713   7.612   0.695  53.602  19.505   0.668  53.788   1.000 0 0 0 0 3 1 
1236 40  11291  973.37 3190.15   0.14  -0.04  20.759  0.030  21.011  20.759  20.816   3.215   0.787  -1.467   3.162   0.586  -3.281   4.463   0.559  -3.869   1.000 0 0 0 1061887714264974 0 1 
1236 40  95355  589.26 1526.20  -0.02  -0.02  19.833  0.029  20.372  19.821  20.162   5.025   0.809  33.482   6.609   0.746  32.885  15.269   0.723  32.048   0.980 0 0 0 1061887714263972 0 1 
1236 40 113200 1535.82 1624.60  -0.04   0.08  21.772  0.030  22.127  21.772  21.928   3.318   0.954  60.041   3.341   0.913  48.131   5.686   0.889  42.759   1.000 0 0 0 0 0 1 
1236 40 142593 1649.02 1793.19  -0.17  -0.24  22.725  0.034  23.027  22.725  22.833   3.245   0.742  63.907   3.120   0.505  67.904   4.747   0.517  78.781   1.000 0 0 0 1061887714264139 0 1 
1236 40   8751 1416.27 3833.92  -0.02  -0.08  19.557  0.030  19.772  19.558  19.587   2.928   0.894  52.689   2.649   0.803  53.825   3.360   0.794  52.893   1.000 0 0 0 0 0 1 
1236 40 198647 1506.96 1190.96  -0.01  -0.07  21.579  0.030  21.922  21.579  21.715   3.557   0.847  27.583   3.659   0.736  24.382   6.177   0.695  18.699   1.000 0 0 0 0 0 1 
1236 40  78615 1486.99  880.51   0.13  -0.06  21.818  0.030  22.158  21.768  22.028   2.953   0.829 -44.818   2.558   0.582 -43.865   5.269   0.440 -62.577   0.880 0 0 0 0 2 1 
1236 40  52697  175.47 2901.70  -0.02  -0.13  21.147  0.029  21.446  21.147  21.263   3.251   0.897  77.422   3.104   0.833  76.431   4.725   0.828  75.901   1.000 0 0 0 0 0 1 
1236 40 144577 2007.96  988.01   0.04  -0.01  22.736  0.034  22.984  22.737  22.902   3.379   0.861  26.090   3.190   0.749  30.607   4.646   0.672  38.538   1.000 0 0 0 0 0 1 
1236 40  32537  609.76 2865.65  -0.05  -0.07  21.873  0.030  22.128  21.874  21.939   3.121   0.865  67.733   2.866   0.748  68.805   4.033   0.739  70.527   1.000 0 0 0 0 2 1 
1236 40 198004  404.96 3737.61   0.13  -0.22  20.489  0.029  20.874  20.486  20.677   3.512   0.961   4.197   3.737   0.940   6.543   6.627   0.935  -2.771   0.994 0 0 0 1061887714265337 0 1 
1236 40  73752  403.61 1119.32   0.01  -0.06  19.680  0.029  19.936  19.681  19.755   2.949   0.959 -21.589   2.753   0.888 -23.073   3.840   0.859 -22.202   1.000 0 0 0 0 0 1 
1236 40  59381 1126.39 1352.96  -1.00  -1.00  -1.000 -1.000  -1.000  -1.000  -1.000  -1.000  -1.000  -1.000  -1.000  -1.000  -1.000  -1.000  -1.000  -1.000  -1.000 -1 -1 -1 -1 -1 -1 
1236 40  22621 1892.52  544.71   0.13  -0.28  23.471  0.045  23.533  23.360  23.408   3.329   0.669  52.676   2.946   0.370  51.218   3.562   0.385  53.455   0.362 0 0 0 0 0 1 
1236 40 164870  774.36 3190.33  -1.00  -1.00  -1.000 -1.000  -1.000  -1.000  -1.000  -1.000  -1.000  -1.000  -1.000  -1.000  -1.000  -1.000  -1.000  -1.000  -1.000 -1 -1 -1 -1 -1 -1 
1236 40 183536  465.45  600.96   0.13   0.03  22.777  0.034  23.007  22.777  22.859   3.094   0.899 -28.368   2.659   0.799 -21.100   3.733   0.710 -11.367   1.000 0 0 0 0 0 1 
1236 40  77969  851.70  965.39  -0.05  -0.04  21.603  0.030  21.847  21.604  21.672   3.081   0.875  83.500   2.753   0.759  84.998   3.754   0.760  85.762   1.000 0 0 0 0 0 1 
1236 40 185519  860.21 1535.21  -0.07  -0.16  22.823  0.035  22.921  22.791  22.826   2.722   0.841  60.614   2.031   0.641  62.811   2.316   0.545  58.042   0.752 0 0 0 0 0 1 
1236 40  81656  741.69 3491.53  -0.07   0.05  20.819  0.029  21.356  20.717  21.154   5.998   0.708  -5.462   7.555   0.639  -5.076  20.210   0.593  -5.122   0.871 0 0 0 0 0 1 
1236 40  80842 1624.04 1609.93  -0.06  -0.06  20.389  0.029  20.722  20.389  20.490   3.601   0.756  57.473   3.888   0.591  57.437   6.290   0.577  56.816   1.000 0 0 0 1061887714264002 0 1 
1236 40  28414  790.07 3948.70  -0.11   0.05  22.802  0.034  23.089  22.710  22.734   3.612   0.948  71.576   3.664   0.881  87.081   6.587   0.852  89.074   0.778 0 0 0 0 0 1 
1236 40 170595  136.61 1280.62  -0.34  -0.03  22.814  0.034  23.049  22.785  22.886   3.312   0.780  56.428   3.136   0.609  56.116   4.665   0.561  56.165   0.895 0 0 0 0 0 1 
1236 40  36794 1903.56   23.41   0.44  -0.41  21.520  0.029  21.835  21.520  21.615   3.484   0.827 -29.862   3.574   0.682 -27.342   5.774   0.627 -26.372   1.000 0 0 0 0 0 1 
1236 40   1179  122.71 3498.45  -0.07  -0.01  20.684  0.029  20.926  20.684  20.770   2.976   0.932  83.669   2.667   0.860  87.436   3.669   0.834  89.654   1.000 0 0 0 0 0 1 
1236 40  15199  931.44  820.74   0.17  -0.01  20.614  0.029  20.937  20.611  20.752   3.511   0.839  52.920   3.620   0.736  53.934   5.828   0.718  55.961   0.991 0 0 0 0 0 1 
1236 40  30789  361.28 3137.89  -0.06   0.53  22.072  0.030  22.558  22.073  22.260   5.333   0.592 -69.628   6.136   0.473 -67.824  13.080   0.441 -65.572   1.000 0 0 0 1061887714264942 0 1 
1236 40  97729 1454.87 1049.42  -0.04   0.03  22.029  0.031  22.156  21.989  22.042   2.788   0.917 -74.969   2.188   0.803 -68.812   2.585   0.781 -68.178   0.761 0 0 0 0 0 1 
