# Visit  CCD  FakeID  FakeX  FakeY   DiffX   DiffY   CmodMag   CmodErr  ExpMag  DevMag  KronMag  SdssR  SdssBa  SdssPa  ExpR  ExpBa  ExpPa  DevR  DevBa  DevPa  fracDev  SdssMiter ExpMiter DevMiter parentID  nChild  extended
1236 33 149638 1732.91 2899.03  -0.01  -0.03  21.911  0.021  22.154  21.912  21.976   3.212   0.812  15.085   3.005   0.667  18.841   4.253   0.614  23.623   1.000 0 0 0 0 0 1 
1236 33 143032 1540.17 3008.05   0.01   0.01  19.887  0.019  20.081  19.889  19.921   2.672   0.948  21.407   2.130   0.908  24.016   2.574   0.922  18.972   1.000 0 0 0 0 2 1 
1236 33  57165  933.55 1861.70  -0.02  -0.09  19.490  0.019  19.820  19.490  19.622   3.755   0.745  53.507   4.322   0.579  54.140   7.043   0.544  53.599   1.000 0 0 0 1061857649493038 0 1 
1236 33 105659 1429.50 1951.78  -0.09  -0.08  22.197  0.022  22.443  22.197  22.168   2.835   0.916 -59.390   2.364   0.807 -59.387   3.327   0.768 -53.993   1.000 0 0 0 0 0 1 
1236 33 199305 1782.68 4071.28  -0.46   0.03  20.716  0.019  21.005  20.717  20.813   3.384   0.797  43.914   3.849   0.603  57.112   5.936   0.543  59.732   1.000 0 0 0 0 2 1 
1236 33  87173 1495.16 2466.12   0.11  -0.08  22.922  0.028  23.047  22.922  22.934   2.740   0.866  75.067   2.139   0.663  79.706   2.282   0.635  88.512   1.000 0 0 0 1061857649493465 0 1 
1236 33  69403 1172.17 2594.64   0.00  -0.00  19.781  0.019  20.001  19.781  19.832   2.758   0.972  55.161   2.365   0.934  66.890   3.027   0.935  66.153   1.000 0 0 0 1061857649493531 0 1 
1236 33 191609 1479.60 1345.86  -0.14  -0.02  22.024  0.021  22.298  22.007  22.093   3.171   0.887 -63.674   2.933   0.777 -66.679   4.476   0.753 -66.395   0.946 0 0 0 1061857649492736 0 1 
1236 33  21270  597.72 3147.24   0.16  -0.00  21.169  0.020  21.474  21.170  21.318   3.483   0.843 -59.710   3.652   0.716 -60.780   5.805   0.670 -59.914   1.000 0 0 0 1061857649493836 0 1 
1236 33  89077  430.70 3175.73  -0.34  -0.06  22.928  0.027  23.022  22.734  22.927   4.079   0.611 -86.229   4.272   0.391 -85.159   7.040   0.325 -85.448   0.346 0 0 0 1061857649493853 0 1 
1236 33 102416  288.76 2177.34  -0.27  -0.05  21.976  0.021  22.265  21.975  22.075   3.195   0.869  -1.736   3.005   0.771  -3.290   4.538   0.754  -2.573   1.000 0 0 0 0 0 1 
1236 33 114902  377.44 2158.47   0.08  -0.28  23.039  0.029  23.237  22.992  23.193   3.777   0.664  -8.134   3.841   0.432  -8.226   5.863   0.335  -7.194   0.818 0 0 0 0 0 1 
1236 33  80086 1724.68 3311.90  -0.05  -0.17  20.875  0.019  21.278  20.875  21.049   3.752   0.807  -5.580   4.094   0.718  -4.547   7.332   0.730  -5.295   1.000 0 0 0 1061857649493928 0 1 
1236 33 140645 1185.81 1234.36  -0.01  -0.23  22.196  0.022  22.444  22.197  22.213   2.885   0.865  86.337   2.516   0.684  88.702   3.456   0.688 -87.291   1.000 0 0 0 0 0 1 
1236 33  37088  161.59  317.75   0.00   0.04  22.368  0.023  22.554  22.320  22.384   3.018   0.868  43.499   2.679   0.739  45.274   3.771   0.677  46.165   0.801 0 0 0 0 0 1 
1236 33  42963  656.85 1266.85  -0.43  -0.18  21.529  0.020  22.155  21.530  21.867   4.586   0.908  41.495   5.557   0.883  44.990  13.882   0.882  41.283   1.000 0 0 0 0 0 1 
1236 33 116061 1098.15  346.54   1.41   0.78  22.813  0.026  22.813  22.688  22.848   2.974   0.796  13.383   2.461   0.589  13.870   2.748   0.542  14.698   0.000 0 0 0 0 0 1 
1236 33 116686  571.39 3240.51  -0.14   0.17  22.903  0.026  23.213  22.826     nan   4.121   0.721 -82.620   4.321   0.591 -80.105   8.081   0.535 -76.462   0.822 0 0 0 0 0 1 
1236 33 198312  423.33 2255.39  -0.28  -0.02  22.205  0.022  22.526  22.190  22.285   3.590   0.792 -82.587   3.529   0.659 -82.011   5.749   0.663 -83.111   0.959 0 0 0 1061857649493299 0 1 
1236 33  69068 1178.36 3889.18  -0.04   0.02  22.053  0.021  22.476  22.054  22.237   4.065   0.740 -24.656   4.807   0.580 -28.875   9.722   0.487 -30.159   1.000 0 0 0 0 2 1 
1236 33  94246 1786.95  714.26   0.05  -0.04  20.344  0.020  20.631  20.344  20.431   3.247   0.850  -4.936   3.208   0.732  -4.952   4.850   0.687  -5.396   1.000 0 0 0 0 0 1 
1236 33 137268  685.42  466.85  -0.07  -0.14     nan    nan     nan     nan     nan   3.026   0.758 -18.773     nan     nan     nan     nan     nan     nan     nan 0 0 0 0 0 1 
1236 33  59148  802.11  153.97  -0.05  -0.02  20.860  0.020  21.359  20.834  21.172   4.529   0.862  12.900   5.599   0.794  12.855  12.733   0.747  11.341   0.957 0 0 0 1061857649492051 0 1 
1236 33  11291  973.37 3190.15  -0.04  -0.03  21.002  0.020  21.161  20.997  21.022   2.868   0.842  10.113   2.422   0.678   9.106   2.844   0.648   8.264   0.967 0 0 0 0 0 1 
1236 33  95355  589.26 1526.20  -1.00  -1.00  -1.000 -1.000  -1.000  -1.000  -1.000  -1.000  -1.000  -1.000  -1.000  -1.000  -1.000  -1.000  -1.000  -1.000  -1.000 -1 -1 -1 -1 -1 -1 
1236 33 113200 1535.82 1624.60  -0.01  -0.07  21.786  0.021  22.124  21.786  21.886   3.346   0.904  46.539   3.276   0.834  50.446   5.342   0.833  51.586   1.000 0 0 0 0 0 1 
1236 33 142593 1649.02 1793.19   0.09  -0.23  23.061  0.030  23.256  23.061  22.993   2.590   0.890 -64.615   2.035   0.611 -67.553   2.656   0.538 -72.448   1.000 0 0 0 0 0 1 
1236 33   8751 1416.27 3833.92   0.01  -0.01  19.535  0.019  19.753  19.535  19.598   2.915   0.899  52.122   2.670   0.796  57.076   3.434   0.782  57.854   1.000 0 0 0 0 0 1 
1236 33 198647 1506.96 1190.96  -1.00  -1.00  -1.000 -1.000  -1.000  -1.000  -1.000  -1.000  -1.000  -1.000  -1.000  -1.000  -1.000  -1.000  -1.000  -1.000  -1.000 -1 -1 -1 -1 -1 -1 
1236 33  78615 1486.99  880.51  -0.06   0.06  22.059  0.022  22.197  22.042  22.066   2.818   0.889 -28.430   2.281   0.743 -32.870   2.708   0.665 -35.982   0.884 0 0 0 0 0 1 
1236 33  52697  175.47 2901.70  -0.02  -0.12  21.111  0.020  21.419  21.111  21.218   3.186   0.938 -85.211   3.106   0.873 -84.465   4.885   0.837 -83.321   1.000 0 0 0 0 0 1 
1236 33 144577 2007.96  988.01  -0.96  -0.01  22.764  0.026  22.941  22.659  22.789   3.184   0.950  84.162   2.905   0.880  88.858   4.269   0.910 -86.169   0.647 0 0 0 0 0 1 
1236 33  32537  609.76 2865.65  -0.07   0.03  22.183  0.022  22.241  22.113  22.192   2.875   0.885  41.091   2.340   0.763  40.971   2.619   0.700  41.944   0.457 0 0 0 0 0 1 
1236 33 198004  404.96 3737.61   0.05  -0.05     nan    nan     nan     nan  20.664   3.562   0.908  32.537     nan     nan     nan     nan     nan     nan     nan 0 0 0 1061857649494185 0 1 
1236 33  73752  403.61 1119.32  -0.04  -0.05  19.696  0.019  19.949  19.696  19.771   2.961   0.936 -22.507   2.797   0.860 -25.719   3.914   0.819 -27.226   1.000 0 0 0 0 2 1 
1236 33  59381 1126.39 1352.96  -0.13  -0.04  22.034  0.021  22.264  22.035  22.017   2.755   0.944 -30.396   2.206   0.881 -34.434   2.920   0.882 -30.157   1.000 0 0 0 1061857649492741 0 1 
1236 33  22621 1892.52  544.71  -0.06   0.40     nan    nan     nan     nan     nan   4.600   0.726 -78.640     nan     nan     nan     nan     nan     nan     nan 0 0 0 0 0 1 
1236 33 164870  774.36 3190.33  -0.23  -0.08  23.837  0.048  23.836  23.707     nan   3.618   0.721  62.273   3.180   0.553  64.897   3.878   0.460  69.562   0.000 0 0 0 0 0 1 
1236 33 183536  465.45  600.96  -0.10  -0.12  23.031  0.029  23.108  22.968  23.011   2.992   0.860 -53.232   2.512   0.693 -52.652   2.927   0.621 -51.684   0.543 0 0 0 0 0 1 
1236 33  77969  851.70  965.39   0.04  -0.02     nan    nan     nan     nan  21.684   3.019   0.854  85.957     nan     nan     nan     nan     nan     nan     nan 0 0 0 1061857649492521 0 1 
1236 33 185519  860.21 1535.21   0.07   0.15  22.730  0.026  22.809  22.663  22.801   3.006   0.852  49.206   2.676   0.697  49.694   3.208   0.611  51.617   0.534 0 0 0 0 0 1 
1236 33  81656  741.69 3491.53  -0.04  -0.18     nan    nan     nan     nan  21.100   5.694   0.793 -15.866     nan     nan     nan     nan     nan     nan     nan 0 0 0 1061857649494003 0 1 
1236 33  80842 1624.04 1609.93  -0.02  -0.05  20.416  0.020  20.737  20.416  20.519   3.627   0.759  59.355   3.953   0.577  60.292   6.415   0.536  61.202   1.000 0 0 0 0 0 1 
1236 33  28414  790.07 3948.70   0.09  -0.08  22.631  0.024  23.041  22.606  22.670   3.963   0.697   4.826   4.100   0.577   2.711   7.671   0.619   0.019   0.948 0 0 0 0 0 1 
1236 33 170595  136.61 1280.62  -0.26   0.03  22.773  0.026  23.033  22.773  22.846   3.034   0.888  39.560   2.726   0.776  42.259   3.777   0.811  46.758   1.000 0 0 0 0 0 1 
1236 33  36794 1903.56   23.41   0.44  -0.41     nan    nan     nan     nan  21.191   3.944   0.865  -6.764     nan     nan     nan     nan     nan     nan     nan 0 0 0 0 2 1 
1236 33   1179  122.71 3498.45  -0.18  -0.07  20.685  0.019  20.947  20.685  20.745   2.882   0.952  86.922   2.565   0.885 -83.771   3.648   0.864 -75.129   1.000 0 0 0 1061857649494028 0 1 
1236 33  15199  931.44  820.74   0.02  -0.08     nan    nan     nan     nan  20.703   3.651   0.814  65.785     nan     nan     nan     nan     nan     nan     nan 0 0 0 1061857649492521 0 1 
1236 33  30789  361.28 3137.89  -0.28   0.18  23.073  0.029  23.091  22.894  23.041   3.369   0.764 -37.410   3.172   0.561 -41.073   4.422   0.458 -45.775   0.101 0 0 0 0 0 1 
1236 33  97729 1454.87 1049.42  -0.11   0.03  21.954  0.021  22.152  21.955  22.002   2.778   0.940 -86.074   2.267   0.839 -83.269   2.804   0.840 -76.667   1.000 0 0 0 1061857649492562 0 1 
