# Visit  CCD  FakeID  FakeX  FakeY   DiffX   DiffY   CmodMag   CmodErr  ExpMag  DevMag  KronMag  SdssR  SdssBa  SdssPa  ExpR  ExpBa  ExpPa  DevR  DevBa  DevPa  fracDev  SdssMiter ExpMiter DevMiter parentID  nChild  extended
1236 35 198301  609.49 3755.03  -0.05  -0.19  21.021  0.018  21.300  21.021  21.123   3.524   0.738  53.344   3.583   0.569  52.135   5.509   0.510  51.047   1.000 0 0 0 1061866239428647 0 1 
1236 35  73401  918.97 1960.33   0.02   0.72  22.682  0.024  22.757  22.522  22.684   3.598   0.730 -83.701   3.564   0.517 -81.159   5.304   0.427 -79.098   0.331 0 0 0 0 0 1 
1236 35  39202  227.57  323.79  -0.62  -0.76  20.469  0.017  20.868  20.453  20.634   3.924   0.782  43.211   4.328   0.683  42.516   8.050   0.680  42.213   0.966 0 0 0 0 2 1 
1236 35 114766  597.78  514.47  -0.11  -0.06  23.092  0.031  23.208  23.086  23.036   2.969   0.741 -16.515   2.516   0.415 -21.727   2.721   0.385 -27.287   0.948 0 0 0 0 0 1 
1236 35 132300  583.07 1864.82  -0.03  -0.08  19.963  0.017  20.380  19.963  20.144   3.845   0.812  54.058   4.415   0.714  53.128   8.236   0.691  50.302   1.000 0 0 0 0 2 1 
1236 35  79959 1521.32 1254.48   0.01   0.33     nan    nan     nan     nan  22.690   2.702   0.905 -57.362     nan     nan     nan     nan     nan     nan     nan 0 0 0 1061866239427280 0 1 
1236 35  21645 1397.62 3258.72  -0.83   0.09  22.371  0.021  22.375  21.918  22.295   4.875   0.623 -15.158   5.524   0.463 -16.592  12.139   0.388 -17.612   0.010 0 0 0 0 0 1 
1236 35  62523  653.42  608.02  -0.16   0.07  20.541  0.017  20.938  20.541  20.721   3.964   0.800  86.331   4.490   0.690  88.035   8.187   0.668  88.905   1.000 0 0 0 0 0 1 
1236 35  71231  217.78 2472.23   0.02  -0.46  22.990  0.029  23.018  22.878  23.076   3.114   0.839 -33.591   2.769   0.605 -32.143   3.363   0.495 -29.443   0.203 0 0 0 1061866239427947 0 1 
1236 35  99168   98.84 1149.29   0.08  -0.12  22.340  0.021  22.770  22.340  22.501   3.516   0.942  87.087   3.604   0.889 -85.440   6.958   0.835 -84.964   1.000 0 0 0 1061866239427192 0 1 
1236 35  77900 1815.08 3448.19   0.01  -0.11  19.957  0.017  20.230  19.957  20.042   2.944   0.955  48.233   2.553   0.979  26.230   3.677   0.963  -1.612   1.000 0 0 0 0 3 1 
1236 35 175936 1409.30 2162.54   0.02  -0.61  23.340  0.036  23.525  23.267  23.359   3.111   0.829  37.114   2.754   0.701  24.827   4.024   0.656  13.190   0.733 0 0 0 0 0 1 
1236 35  75251  417.89 3238.36  -0.04  -0.20  22.096  0.020  22.292  21.963  22.076   4.094   0.703 -82.735   4.335   0.541 -80.858   7.593   0.462 -79.856   0.619 0 0 0 1061866239428346 0 1 
1236 35 132496  302.12 3902.85  -1.09  -1.25  21.047  0.018  21.047  20.794  20.941   3.802   0.629  44.759   3.723   0.425  43.540   5.506   0.410  43.310   0.000 0 0 0 1061866239428760 0 1 
1236 35 153660 1141.23 1801.01   0.01  -0.01  22.536  0.023  22.626  22.508  22.519   2.650   0.983  20.120   2.015   0.896 -25.261   2.245   0.758 -20.668   0.759 0 0 0 0 0 1 
1236 35 105659 1365.46 3798.82   0.04  -0.16  22.378  0.022  22.504  22.348  22.394   2.679   0.967  81.528   2.030   0.890 -53.527   2.389   0.820 -42.694   0.808 0 0 0 0 0 1 
1236 35  88853   75.44 2229.77   0.36  -0.13  22.598  0.023  22.847  22.569  22.660   3.236   0.853 -74.123   3.080   0.685 -71.691   4.975   0.547 -71.568   0.903 0 0 0 0 0 1 
1236 35  47496 1782.00  969.57  -0.03  -0.13  20.685  0.018  20.914  20.685  20.734   2.967   0.857 -62.386   2.674   0.646 -59.251   3.679   0.591 -56.957   1.000 0 0 0 1061866239427081 0 1 
1236 35  62714  430.63 1853.73   0.20  -0.10  21.513  0.018  21.966  21.513  21.729   3.700   0.942  59.529   4.001   0.933  67.800   7.682   0.972  83.509   1.000 0 0 0 0 0 1 
1236 35 164860 1395.05 2188.98   0.26   0.08  23.543  0.042  23.598  23.466  23.566   3.050   0.896 -45.041   2.583   0.709 -41.201   3.148   0.541 -30.943   0.414 0 0 0 0 0 1 
1236 35 158584  281.34 2190.02   0.00  -0.03  20.265  0.017  20.567  20.266  20.357   3.396   0.790  -0.400   3.546   0.599  -4.016   5.641   0.530  -5.637   1.000 0 0 0 0 4 1 
1236 35  80700  861.40 1315.57  -0.00  -0.14  21.712  0.019  21.854  21.706  21.745   2.754   0.912 -88.450   2.173   0.780 -75.828   2.468   0.739 -68.298   0.960 0 0 0 0 0 1 
1236 35 140782 1101.37 3519.15   0.06  -0.17  20.970  0.018  21.454  20.970  21.207   5.241   0.597  69.433   6.641   0.472  71.310  14.194   0.439  71.455   1.000 0 0 0 1061866239428531 0 1 
1236 35  47914  713.70 2789.23  -0.05  -0.06  20.080  0.017  20.325  20.080  20.143   3.130   0.846  80.812   2.949   0.724  85.831   4.092   0.691  87.444   1.000 0 0 0 1061866239428110 0 1 
1236 35  65392 1782.05 2792.46  -0.24   0.08  22.817  0.026  23.197  22.817  22.908   3.411   0.754  67.050   3.803   0.543  77.340   7.369   0.401  84.209   1.000 0 0 0 0 2 1 
1236 35  78944  205.73 1659.96  -0.02  -0.02  20.201  0.017  20.406  20.201  20.226   2.831   0.913  46.830   2.342   0.872  43.037   2.919   0.875  41.098   1.000 0 0 0 1061866239427489 0 1 
1236 35 186196   20.73  550.17   0.27  -0.17     nan    nan     nan     nan  20.479   2.916   0.852 -72.443     nan     nan     nan     nan     nan     nan     nan 0 0 0 0 2 1 
1236 35  83830  361.18  265.41  -0.13  -0.14  20.272  0.017  20.642  20.272  20.445   4.062   0.789 -23.184   4.503   0.682 -23.842   8.024   0.627 -23.793   1.000 0 0 0 1061866239426712 0 1 
1236 35  43213 1465.47 3875.69  -0.15  -0.14  21.209  0.018  21.512  21.208  21.339   3.676   0.786 -29.190   3.952   0.594 -31.444   6.507   0.501 -31.799   1.000 0 0 0 0 0 1 
1236 35 181804  857.05 4142.86   0.25   0.25  23.312  0.037  23.381  23.294  23.168   2.773   0.721   4.130   2.241   0.223   0.062   2.343   0.141  -2.232   0.775 0 0 0 1061866239428912 0 1 
1236 35 175974 1626.79 2980.32  -0.02  -0.07  19.502  0.017  19.928  19.492  19.716   4.201   0.836  80.921   5.146   0.762  82.566   9.912   0.749  84.807   0.979 0 0 0 1061866239428215 0 1 
1236 35  39953  816.42 3888.02   0.03  -0.06  21.651  0.019  21.920  21.651  21.734   3.280   0.825 -87.199   3.117   0.695 -81.154   4.537   0.674 -78.419   1.000 0 0 0 0 0 1 
1236 35  74031  649.23  404.14   0.01   0.04  20.736  0.018  20.956  20.736  20.782   2.844   0.946  46.344   2.324   0.951  52.109   2.987   0.961  66.970   1.000 0 0 0 0 0 1 
1236 35  70428 1942.03 1722.83  -0.10   0.01  20.410  0.017  21.578  20.276  20.943   3.082   0.953  81.556   3.393   0.776 -85.627  35.191   0.182 -89.909   0.920 0 0 0 0 4 1 
1236 35 114826  314.89  996.49   0.07  -0.26  23.111  0.031  23.256  23.101  23.195   2.939   0.857 -24.222   2.482   0.651 -28.728   2.929   0.591 -36.328   0.934 0 0 0 0 0 1 
1236 35  39511  626.98 4150.53   0.02  -0.53     nan    nan     nan     nan     nan   5.387   0.636  71.924     nan     nan     nan     nan     nan     nan     nan 0 0 0 0 3 1 
1236 35  78921  394.14 1624.12   0.00   0.20  21.892  0.019  22.198  21.893  21.963   3.355   0.772  71.305   3.468   0.613  72.641   5.245   0.626  74.388   1.000 0 0 0 1061866239427464 0 1 
1236 35 183725   57.19  161.76  -0.07  -0.04  22.462  0.022  22.683  22.463  22.445   3.121   0.763  56.482   2.691   0.587  58.280   3.426   0.629  56.858   1.000 0 0 0 0 0 1 
1236 35  30626 1090.03  837.17  -0.03   0.03  22.145  0.020  22.322  22.145  22.161   2.631   0.953 -37.524   2.031   0.810 -37.312   2.436   0.795 -31.657   1.000 0 0 0 0 0 1 
1236 35  70429 1778.54 3596.49   0.04  -0.01  21.859  0.019  22.270  21.809  22.072   4.119   0.863 -38.437   4.717   0.734 -33.437  10.046   0.643 -31.682   0.904 0 0 0 0 0 1 
1236 35 184744 1603.79  938.76   0.01  -0.14  21.919  0.019  22.210  21.882  22.086   3.872   0.795 -15.335   4.168   0.635 -17.673   7.127   0.560 -18.533   0.896 0 0 0 0 0 1 
1236 35 176086 1408.40 1217.83   0.20  -0.02     nan    nan     nan     nan  21.654   2.979   0.915  67.736     nan     nan     nan     nan     nan     nan     nan 0 0 0 1061866239427280 0 1 
1236 35 188292  857.61 1910.59   0.09   0.03  23.111  0.031  23.207  23.000  23.044   3.179   0.781  62.744   2.706   0.621  65.414   3.399   0.658  72.031   0.475 0 0 0 0 0 1 
1236 35  69391  865.24 2797.12  -0.05  -0.14  23.009  0.028  23.008  22.679  22.987   4.259   0.672  72.298   4.397   0.534  73.659   7.957   0.435  74.856   0.000 0 0 0 0 0 1 
1236 35 101321 1962.83 3339.10  -0.01  -0.11  20.680  0.017  20.898  20.681  20.733   2.846   0.950  73.329   2.360   0.920 -77.317   3.090   0.887 -71.051   1.000 0 0 0 0 0 1 
1236 35  51504 1525.29 2600.24  -0.03  -0.04  20.983  0.018  21.350  20.984  21.121   3.495   0.884  23.036   3.619   0.821  15.375   6.213   0.809  10.021   1.000 0 0 0 0 0 1 
1236 35 142404 2004.15 2751.57  -0.15   0.43  21.586  0.018  21.747  21.545  21.630   2.987   0.927  55.268   2.528   0.908  67.825   3.181   0.923  69.386   0.795 0 0 0 0 0 1 
1236 35  86536 1694.76 1725.94   0.10  -0.21  21.606  0.018  22.016  21.606  21.810   3.838   0.842  40.026   4.106   0.766  42.437   7.543   0.766  45.564   1.000 0 0 0 0 0 1 
1236 35 144696  191.10 3450.08  -0.07  -0.75     nan    nan     nan     nan     nan   5.219   0.934 -40.141     nan     nan     nan     nan     nan     nan     nan 0 0 0 1061866239428478 0 1 
1236 35 168004 1843.14  418.08  -0.05  -0.23  23.019  0.029  23.235  22.988  23.043   3.628   0.682 -11.336   3.540   0.441 -13.608   5.125   0.403 -16.831   0.881 0 0 0 0 0 1 
