# Visit  CCD  FakeID  FakeX  FakeY   DiffX   DiffY   CmodMag   CmodErr  ExpMag  DevMag  KronMag  SdssR  SdssBa  SdssPa  ExpR  ExpBa  ExpPa  DevR  DevBa  DevPa  fracDev  SdssMiter ExpMiter DevMiter parentID  nChild  extended
1236 48  74252 1918.84  244.89   0.04  -0.09  22.444  0.022  22.525  22.299  22.442   3.508   0.755  81.471   3.270   0.594  82.987   4.522   0.564  84.774   0.369 0 0 0 1061922074001577 0 1 
1236 48 102795 1292.34  416.78  -0.24  -0.51  22.803  0.026  22.877  22.726  22.764   2.948   0.813  49.130   2.325   0.652  48.381   2.632   0.657  47.274   0.497 0 0 0 0 0 1 
1236 48  36500  971.86 4091.79  -0.00  -0.01  20.184  0.018  20.379  20.184  20.223   2.904   0.839  23.393   2.562   0.674  21.219   3.205   0.636  20.593   1.000 0 0 0 1061922074003918 0 1 
1236 48 158272   45.05 3845.42   0.10  -0.13  20.954  0.018  21.390  20.954  21.151   3.621   0.883 -75.174   4.085   0.796 -77.433   7.721   0.796 -78.060   1.000 0 0 0 1061922074003793 0 1 
1236 48 170049  204.83 3150.43  -0.07  -0.10  22.174  0.021  22.304  22.136  22.178   2.844   0.901 -86.840   2.317   0.769 -83.851   2.787   0.721 -84.237   0.779 0 0 0 0 0 1 
1236 48 195647 1753.55  593.19  -0.05  -0.06  21.194  0.018  21.549  21.195  21.371   3.613   0.867  22.680   3.824   0.778  20.317   6.548   0.743  16.238   1.000 0 0 0 1061922074001843 0 1 
1236 48 134002  942.77 3660.62   0.18   0.06  22.689  0.024  22.984  22.689  22.808   3.075   0.877 -12.463   2.987   0.722 -20.146   4.600   0.687 -26.463   1.000 0 0 0 0 0 1 
1236 48  93694 1174.97 2602.38   0.03  -0.02     nan    nan     nan     nan  21.156   2.826   0.899  52.836     nan     nan     nan     nan     nan     nan     nan 0 0 0 1061922074003068 0 1 
1236 48 152781 1352.80 1518.20  -0.06   0.08  20.971  0.018  21.298  20.971  21.104   3.389   0.884  38.727   3.411   0.798  37.283   5.472   0.790  36.678   1.000 0 0 0 1061922074002404 0 1 
1236 48 181804 1211.01 1020.54  -0.24   0.04  23.105  0.031  23.359  23.106  22.974   2.592   0.908 -52.758   2.054   0.645 -48.411   2.967   0.624 -45.763   1.000 0 0 0 0 0 1 
1236 48  70688 1707.13 1727.80  -1.05   1.57     nan    nan     nan     nan  21.705   3.883   0.673 -61.490     nan     nan     nan     nan     nan     nan     nan 0 0 0 1061922074002531 0 1 
1236 48   8567  962.88  303.76   0.28  -0.34  23.403  0.036  23.593  23.280  23.583   3.705   0.785  12.869   3.608   0.629  17.280   6.034   0.555  23.260   0.632 0 0 0 0 0 1 
1236 48 184369  992.29 1616.57   0.04  -0.03  20.488  0.018  20.906  20.488  20.679   4.310   0.736 -18.658   5.235   0.595 -18.822  10.183   0.537 -18.838   1.000 0 0 0 0 0 1 
1236 48 174429  184.60 3625.20  -0.02  -0.04  19.395  0.018  19.720  19.395  19.525   3.138   0.973 -38.514   3.211   0.936 -39.625   5.103   0.895 -39.802   1.000 0 0 0 0 5 1 
1236 48 197072 1362.71 3767.27  -0.01  -0.03  20.210  0.018  20.523  20.210  20.320   3.243   0.866  86.780   3.236   0.756  89.385   4.977   0.760 -87.484   1.000 0 0 0 0 3 1 
1236 48 174032 1396.49 1992.62  -0.15  -0.08  21.346  0.019  21.823  21.344  21.668   4.272   0.888  16.537   4.754   0.875  17.826   9.820   0.865  14.812   0.995 0 0 0 1061922074002675 0 1 
1236 48    540 1768.95  615.35   0.03  -0.03  20.353  0.018  20.895  20.355  20.616   3.499   0.908 -67.100   3.722   0.836 -65.459   8.096   0.861  86.132   1.000 0 0 0 0 5 1 
1236 48  75854  609.17 2534.69   0.00  -0.09  19.598  0.018  19.850  19.599  19.674   2.983   0.955  78.344   2.728   0.927  89.919   3.733   0.922 -81.222   1.000 0 0 0 0 0 1 
1236 48 182787 1594.15 3344.15  -0.06  -0.08  20.644  0.018  20.995  20.630  20.832   4.012   0.752  56.942   4.568   0.608  57.405   8.107   0.560  57.786   0.966 0 0 0 1061922074003489 0 1 
1236 48  67275  841.00 1773.96  -0.05  -0.15  21.501  0.019  21.754  21.500  21.559   3.027   0.898   6.486   2.679   0.774   0.658   3.827   0.738  -5.940   0.994 0 0 0 0 2 1 
1236 48 187426  924.68 3351.98  -0.07  -0.11  22.840  0.026  22.980  22.817  22.833   3.017   0.801  85.243   2.574   0.602  85.245   3.083   0.558  84.892   0.854 0 0 0 0 0 1 
1236 48 195157  988.52 1981.45  -0.00   0.02  22.077  0.021  22.223  22.077  22.092   2.798   0.862  29.372   2.213   0.708  26.348   2.542   0.638  23.119   1.000 0 0 0 0 0 1 
1236 48 113759  770.72  160.40  -0.43  -0.06  22.752  0.026  22.884  22.690  22.799   3.462   0.776 -14.389   3.126   0.605 -16.776   4.068   0.555 -23.904   0.685 0 0 0 0 0 1 
1236 48 113216 1514.65 2413.38  -0.06  -0.05  19.977  0.018  20.223  19.978  20.051   3.191   0.821  20.713   3.114   0.657  18.584   4.364   0.609  17.186   1.000 0 0 0 0 0 1 
1236 48 129550 1541.56 1529.97  -0.10   0.12  22.705  0.025  22.975  22.666  22.759   3.398   0.729  82.231   3.233   0.516  82.637   5.237   0.480  81.730   0.882 0 0 0 1061922074002406 0 1 
1236 48  51310  983.90  988.03  -0.01  -0.05  21.753  0.020  21.905  21.754  21.765   2.744   0.844  53.255   2.105   0.670  53.184   2.403   0.637  50.861   1.000 0 0 0 0 2 1 
1236 48  67413  408.40 3330.42  -0.04  -0.01  21.965  0.020  22.247  21.924  22.081   3.619   0.811 -20.358   3.719   0.663 -20.956   6.277   0.584 -21.650   0.883 0 0 0 1061922074003484 0 1 
1236 48  59898  836.63 3995.27   0.63  -0.05  21.284  0.018  21.560  21.192  21.421   3.480   0.967  79.986   3.490   0.950  82.477   6.044   0.955  82.030   0.769 0 0 0 1061922074003873 0 1 
1236 48  46253  647.90 2317.42   0.87  -0.81     nan    nan     nan     nan  20.819  12.574   0.605 -11.713     nan     nan     nan     nan     nan     nan     nan 0 0 0 1061922074002909 0 1 
1236 48  78615  160.19  704.60   0.01  -0.08  22.070  0.021  22.184  22.041  22.077   2.947   0.863 -34.293   2.490   0.653 -36.103   2.859   0.592 -41.318   0.791 0 0 0 0 0 1 
1236 48 129761  490.28 1875.93   0.05  -0.01  21.298  0.019  21.473  21.295  21.324   2.800   0.933  49.993   2.205   0.890  46.919   2.595   0.907  45.844   0.981 0 0 0 0 0 1 
1236 48   9896 1053.65  176.48   0.13   0.25  20.991  0.018  21.410  20.991  21.202   4.287   0.759  53.210   5.223   0.622  54.452   9.918   0.593  52.913   1.000 0 0 0 0 0 1 
1236 48  69011   22.22 2530.40  -0.22  -0.40  20.493  0.018  20.780  20.493  20.546   3.152   0.865 -85.399   3.019   0.730 -80.260   4.611   0.667 -75.758   1.000 0 0 0 0 2 1 
1236 48  54349  598.53 2610.95  -0.06  -0.06  23.205  0.033  23.343  23.205  23.153   2.583   0.813 -74.149   1.845   0.447 -69.769   1.964   0.526 -62.807   1.000 0 0 0 0 0 1 
1236 48  91909 1296.41 2355.05  -0.19   0.13  22.379  0.022  22.683  22.380  22.486   3.010   0.971  13.474   2.837   0.935  46.392   4.500   0.863  43.118   1.000 0 0 0 0 0 1 
1236 48 132552  620.61 1004.42   0.18   0.46  23.236  0.034  23.486  23.237  23.142   2.622   0.911  78.693   1.940   0.796  84.877   3.132   0.562  88.001   1.000 0 0 0 1061922074002064 0 1 
1236 48  81113 1816.88 3901.37   0.25  -0.02  21.850  0.019  22.300  21.852  22.006   7.255   0.413 -32.673   8.283   0.333 -31.981  16.251   0.344 -31.794   1.000 0 0 0 1061922074003820 0 1 
1236 48 176086  451.29 2558.01  -0.11  -0.11  21.624  0.019  21.891  21.625  21.623   2.926   0.885  59.793   2.534   0.757  60.695   3.952   0.608  58.782   1.000 0 0 0 0 2 1 
1236 48  76253   88.50 2717.21   0.17  -0.16  22.196  0.021  22.581  22.196  22.288   3.372   0.905 -72.249   3.328   0.869 -62.810   5.989   0.818 -49.723   1.000 0 0 0 1061922074003116 0 1 
1236 48 102879 1336.99 2561.68   0.03  -0.14  19.642  0.018  20.227  19.643  19.975   5.703   0.676 -65.288   7.716   0.584 -64.963  18.828   0.549 -64.862   1.000 0 0 0 1061922074003027 0 1 
1236 48 200480 1764.11 4110.15   0.00  -0.01  20.352  0.018  20.565  20.352  20.399   2.889   0.871 -63.179   2.603   0.693 -61.702   3.405   0.647 -63.620   1.000 0 0 0 1061922074003916 0 1 
1236 48 172815   37.84 1605.05  -0.02  -0.12  23.064  0.030  23.130  23.001  23.064   2.728   0.945   6.123   2.045   0.861  -9.274   2.319   0.756 -27.917   0.508 0 0 0 0 0 1 
1236 48  85804 1353.82  965.66  -0.14  -0.08  21.588  0.019  21.913  21.571  21.741   3.848   0.777   3.696   4.126   0.634   1.714   7.009   0.596   0.354   0.955 0 0 0 0 0 1 
1236 48 132284  307.42 3535.39   0.05   0.04  21.700  0.019  21.958  21.701  21.728   3.077   0.817  29.634   2.942   0.624  28.393   4.224   0.590  27.871   1.000 0 0 0 0 0 1 
1236 48  58003 1447.10 1716.69  -0.01  -0.15  20.307  0.018  20.775  20.307  20.522   3.625   0.873  64.810   3.963   0.802  67.544   8.153   0.739  80.224   1.000 0 0 0 0 4 1 
1236 48  69461 1405.03 2512.40   0.11   0.07  22.878  0.027  23.207  22.878  22.726   2.793   0.928  22.888   2.430   0.794  10.991   4.100   0.696   5.481   1.000 0 0 0 0 0 1 
1236 48  69354 1111.94  766.96   0.19  -0.06  22.700  0.025  22.866  22.702  22.674   2.805   0.889   3.799   2.181   0.747  -6.283   2.445   0.802 -26.681   1.000 0 0 0 0 0 1 
1236 48 173755  515.93 2467.22   0.17   0.31  23.002  0.028  23.215  22.959  23.077   3.692   0.745 -86.388   3.595   0.580 -82.285   5.291   0.531 -74.972   0.842 0 0 0 0 0 1 
1236 48  94903  710.99   76.09  -0.10  -0.07     nan    nan     nan     nan  20.948   2.911   0.934 -70.707     nan     nan     nan     nan     nan     nan     nan 0 0 0 1061922074001441 0 1 
1236 48  78440 1430.25 3821.12   0.05   0.03  21.908  0.020  22.126  21.908  21.961   2.880   0.907  36.926   2.397   0.827  33.663   3.082   0.835  26.738   1.000 0 0 0 0 0 1 
