# Visit  CCD  FakeID  FakeX  FakeY   DiffX   DiffY   CmodMag   CmodErr  ExpMag  DevMag  KronMag  SdssR  SdssBa  SdssPa  ExpR  ExpBa  ExpPa  DevR  DevBa  DevPa  fracDev  SdssMiter ExpMiter DevMiter parentID  nChild  extended
1236 40 166577  230.78 3028.96  -0.00  -1.11  22.549  0.031  22.993  22.409  22.735   5.627   0.658 -83.893   6.363   0.575 -85.167  15.593   0.553 -87.952   0.799 0 0 0 1061887714264898 0 1 
1236 40  37943 1229.65 1574.85  -0.07  -0.06  20.068  0.029  20.226  19.904  20.143   4.384   0.691 -28.517   4.906   0.539 -28.159   8.387   0.480 -27.783   0.508 0 0 0 1061887714263995 0 1 
1236 40  18166 1478.63 2694.85  -0.16   0.02  21.422  0.030  21.691  21.214  21.566   5.522   0.589  69.183   6.672   0.464  69.233  14.843   0.404  68.960   0.603 0 0 0 1061887714264681 0 1 
1236 40   4310 1567.70 1390.13   0.05   0.00  20.455  0.029  20.676  20.291  20.575   4.492   0.741   0.999   5.158   0.626   0.586   9.746   0.570  -0.048   0.599 0 0 0 0 0 1 
1236 40 190762 1688.89 2471.11   0.43  -0.12  22.867  0.034  22.932  22.568  22.945   3.574   0.988  34.719   3.427   0.986 -82.452   6.220   0.924 -72.439   0.197 0 0 0 0 0 1 
1236 40   3031 1630.49  331.75  -0.57   0.84  21.321  0.029  21.320  20.594  21.312   6.418   0.746  64.460   7.849   0.712  62.606  23.766   0.689  61.904   0.000 0 0 0 1061887714263275 0 1 
1236 40 185132 1697.11 3440.98  -0.04  -0.12  21.234  0.030  21.464  21.141  21.308   3.520   0.905  79.681   3.492   0.846  81.150   5.597   0.852  79.350   0.728 0 0 0 1061887714265157 0 1 
1236 40 127741  661.27 2909.14   0.37   0.09     nan    nan     nan     nan     nan   0.289   1.000   0.000     nan     nan     nan     nan     nan     nan     nan 0 0 0 0 0 1 
1236 40  23499  169.38 3872.51  -0.54   0.31  21.238  0.029  21.739  21.170  21.544   4.946   0.797 -30.690   5.871   0.742 -35.950  14.084   0.709 -38.908   0.901 0 0 0 1061887714265391 0 1 
1236 40   4592  671.21 3364.16   0.00  -0.09  22.942  0.034  22.942  22.541  24.767   3.807   0.958 -64.417   3.703   0.963  88.376   7.109   0.923  53.261   0.000 0 0 0 0 0 1 
1236 40 194068  546.49 1904.91   0.02  -0.14  22.220  0.031  22.546  22.037  22.384   4.917   0.671 -55.901   5.771   0.529 -56.800  13.330   0.460 -57.277   0.681 0 0 0 1061887714264199 0 1 
1236 40 174077 1712.31 2718.77  -1.00  -1.00  -1.000 -1.000  -1.000  -1.000  -1.000  -1.000  -1.000  -1.000  -1.000  -1.000  -1.000  -1.000  -1.000  -1.000  -1.000 -1 -1 -1 -1 -1 -1 
1236 40  81589 1968.33 1775.25   0.05   0.04     nan    nan     nan     nan  22.186   4.182   0.945  25.543     nan     nan     nan     nan     nan     nan     nan 0 0 0 1061887714264115 0 1 
1236 40  29752  312.21 2484.46  -0.02   0.01  21.422  0.029  21.537  21.189  21.486   4.922   0.582  82.580   5.625   0.407  83.450  10.486   0.332  83.764   0.354 0 0 0 0 0 1 
1236 40   5978  301.45 1425.70  -0.26   0.19  22.371  0.031  22.711  22.340  22.600   3.523   0.967  -6.874   3.549   0.924  11.915   6.272   0.891  26.494   0.925 0 0 0 0 0 1 
1236 40  56110  151.79 2717.47   0.15  -0.04  20.826  0.029  20.940  20.353  20.896   6.037   0.634  45.759   7.396   0.542  45.491  19.246   0.489  44.808   0.231 0 0 0 0 2 1 
1236 40 143494  597.37 1351.16   0.04   0.09  22.876  0.034  22.876  22.531  22.874   4.068   0.862  76.820   3.934   0.830  73.335   6.951   0.811  67.644   0.000 0 0 0 0 0 1 
1236 40  91881 1590.73 4081.04  -0.01  -0.14  22.262  0.032  22.322  21.994  22.238   3.963   0.745  42.057   4.029   0.617  42.906   6.929   0.567  44.305   0.198 0 0 0 0 0 1 
1236 40 184476  140.94   61.62   0.07   0.05  20.912  0.030  20.912  20.365  20.878   5.306   0.827  79.358   6.127   0.776  81.268  14.897   0.733  82.994   0.000 0 0 0 0 0 1 
1236 40 184019 1415.70 4057.09   0.10   0.49  22.391  0.032  22.417  21.919  22.320   5.463   0.644  66.255   6.179   0.553  67.129  13.839   0.528  67.969   0.062 0 0 0 1061887714265515 0 1 
1236 40 108012  203.15 3489.35  -0.20   0.07  22.602  0.032  22.733  22.351  22.723   4.865   0.583 -73.869   5.466   0.403 -72.671  10.953   0.305 -70.981   0.373 0 0 0 0 0 1 
1236 40 131719 1398.88 3262.66   0.04  -0.12  21.056  0.030  21.377  20.979  21.199   4.431   0.698  75.576   5.171   0.554  76.120   9.859   0.503  76.846   0.822 0 0 0 0 0 1 
1236 40  36804  744.85 3980.96  -0.32   0.09  22.627  0.033  22.881  22.544  22.702   3.431   0.925  18.227   3.215   0.898  16.068   5.288   0.898  15.510   0.772 0 0 0 0 0 1 
1236 40  32259  792.79 2833.67   0.14   0.07  22.440  0.031  22.440  22.029     nan   4.236   0.850   4.670   4.322   0.788  -0.583   8.485   0.766  -3.980   0.000 0 0 0 0 0 1 
1236 40 171310 1888.30  781.11  -0.09  -0.21  22.077  0.030  22.486  22.078  22.231   3.501   0.915  54.309   3.604   0.846  58.322   6.707   0.805  71.335   1.000 0 0 0 0 2 1 
1236 40 181708 1218.36 3128.75   0.26   0.05  22.974  0.035  23.067  22.713  22.963   3.844   0.759 -67.492   3.938   0.631 -66.491   7.194   0.549 -64.911   0.287 0 0 0 0 0 1 
1236 40 126683 1132.09 3661.30  -0.06  -0.14  21.622  0.030  22.044  21.451  21.886   5.320   0.724 -56.513   6.630   0.624 -58.211  16.861   0.571 -57.678   0.755 0 0 0 0 2 1 
1236 40 126087  572.97 2952.76  -0.06  -0.04  20.753  0.029  21.053  20.753  20.854   3.346   0.834   1.305   3.335   0.698  -0.274   5.193   0.657  -1.153   1.000 0 0 0 0 0 1 
1236 40  87796 1428.51 2249.80   0.14  -0.43     nan    nan     nan     nan  20.936   6.523   0.778  56.803     nan     nan     nan     nan     nan     nan     nan 0 0 0 1061887714264404 0 1 
1236 40  74940  338.65 2719.87  -0.01   0.05  22.526  0.032  22.650  22.344  22.602   3.437   0.920  -0.693   3.218   0.883   4.433   5.035   0.903   5.575   0.425 0 0 0 1061887714264687 0 1 
1236 40 130636 1333.63 3432.64  -0.03  -0.05  20.293  0.030  20.500  20.242  20.350   3.853   0.683 -46.936   4.173   0.467 -46.782   6.261   0.404 -46.572   0.809 0 0 0 1061887714265135 0 1 
1236 40 135375  708.50 3703.48  -0.01  -0.15     nan    nan     nan     nan  20.527   8.024   0.551 -87.112     nan     nan     nan     nan     nan     nan     nan 0 0 0 1061887714265334 0 1 
1236 40  24655  562.39   65.86  -0.16   0.02  21.574  0.030  21.723  21.273  21.643   4.571   0.805 -68.123   4.996   0.722 -67.862  10.586   0.652 -66.764   0.367 0 0 0 1061887714263087 0 1 
1236 40 161098 1067.55 4061.45   0.36   0.15  21.307  0.030  21.436  20.982  21.381   4.928   0.722  48.752   5.553   0.627  49.501  11.816   0.571  50.503   0.315 0 0 0 1061887714265505 0 1 
1236 40 118120 1296.18 3252.03  -0.01  -0.18  23.109  0.037  23.381  23.109  23.266   4.428   0.655 -81.751   4.305   0.520 -79.358   6.757   0.433 -77.829   1.000 0 0 0 0 0 1 
1236 40 137897  441.83  412.71   0.41  -0.10     nan    nan     nan     nan  21.264   5.522   0.809 -45.573     nan     nan     nan     nan     nan     nan     nan 0 0 0 1061887714263328 0 1 
1236 40  40557 1993.43 2432.36  -1.00  -1.00  -1.000 -1.000  -1.000  -1.000  -1.000  -1.000  -1.000  -1.000  -1.000  -1.000  -1.000  -1.000  -1.000  -1.000  -1.000 -1 -1 -1 -1 -1 -1 
1236 40  70498  938.58  413.56  -0.33  -0.09  22.837  0.034  22.855  22.528     nan   3.944   0.771  -4.910   3.960   0.652  -7.787   6.791   0.602  -9.958   0.061 0 0 0 1061887714263346 0 1 
1236 40 103807 1144.82 1986.66   0.03   0.11  21.044  0.029  21.135  20.542  21.120   5.867   0.726  55.384   7.052   0.655  56.446  18.266   0.607  57.303   0.184 0 0 0 0 0 1 
1236 40  68706 1698.11 1407.26   0.11  -0.10  22.644  0.032  22.684  22.375  22.714   4.593   0.583 -13.667   5.065   0.377 -13.602   9.049   0.282 -13.687   0.140 0 0 0 0 0 1 
1236 40 179924  969.31 2471.46   0.00  -0.05  19.694  0.029  19.959  19.620  19.810   3.870   0.816 -11.143   4.345   0.690 -12.666   7.505   0.615 -13.790   0.793 0 0 0 0 0 1 
1236 40 117560  946.41  718.75   1.01   0.47  20.688  0.029  21.290  20.590  21.078   7.521   0.566  39.305  10.907   0.445  36.558  32.182   0.400  34.842   0.888 0 0 0 1061887714263490 0 1 
1236 40 117273   42.14  988.68  -0.14   0.32  22.910  0.034  22.910  22.480  22.919   4.455   0.779  -2.459   4.700   0.676  -5.800   9.827   0.600  -8.787   0.000 0 0 0 0 0 1 
1236 40  93337  696.00  598.32  -0.05   0.01  21.867  0.030  21.867  21.360  21.865   5.961   0.564  55.438   6.972   0.442  56.359  16.761   0.367  57.496   0.000 0 0 0 0 2 1 
1236 40 175541 1641.79 1105.53   0.13  -0.03  22.008  0.030  22.162  21.647  22.183   5.341   0.747  52.249   6.073   0.661  51.462  14.269   0.586  50.612   0.341 0 0 0 1061887714263721 0 1 
1236 40  87179 1708.60 3846.12   0.01  -0.04  20.916  0.030  20.916  20.181  20.880   7.062   0.716  88.664   8.722   0.669  89.937  27.133   0.621 -88.847   0.000 0 0 0 0 0 1 
1236 40    880  828.45 2218.18   0.26  -0.30  21.833  0.030  22.354  21.675  22.188   5.783   0.688 -22.364   7.127   0.599 -21.749  20.120   0.548 -21.334   0.814 0 0 0 0 0 1 
1236 40 147237  244.72 3985.70  -0.30   0.01     nan    nan     nan     nan     nan   2.857   0.948 -32.886     nan     nan     nan     nan     nan     nan     nan 0 0 0 0 0 1 
1236 40  51558 1769.45 1811.09  -0.18  -0.09  22.102  0.031  22.197  21.871  22.113   4.077   0.711 -41.234   4.239   0.559 -40.383   7.226   0.517 -39.807   0.311 0 0 0 0 2 1 
1236 40  63591 1409.64 3935.74   0.03   0.01  22.147  0.031  22.146  21.680  22.099   5.098   0.650 -28.471   5.772   0.510 -28.567  13.018   0.430 -28.422   0.000 0 0 0 0 0 1 
