# Visit  CCD  FakeID  FakeX  FakeY   DiffX   DiffY   CmodMag   CmodErr  ExpMag  DevMag  KronMag  SdssR  SdssBa  SdssPa  ExpR  ExpBa  ExpPa  DevR  DevBa  DevPa  fracDev  SdssMiter ExpMiter DevMiter parentID  nChild  extended
1236 40  91406  530.63 2872.57  -0.15  -0.07  22.763  0.033  22.896  22.524  22.770   3.861   0.830 -46.043   3.898   0.736 -47.321   7.079   0.698 -51.418   0.388 0 0 0 1061887714264787 0 1 
1236 40 188343 1768.29 3640.45   0.17  -0.03  21.240  0.031  21.240  20.791  21.202   4.720   0.822   1.582   5.236   0.745   0.690  11.180   0.687   0.225   0.000 0 0 0 0 0 1 
1236 40 117586  441.19 1111.46  -0.01   0.03  21.189  0.030  21.301  21.020  21.230   3.418   0.932 -17.678   3.295   0.856 -18.145   5.061   0.824 -18.604   0.413 0 0 0 0 0 1 
1236 40 133703   59.04 2850.65  -0.03  -0.09  20.690  0.029  20.961  20.691  20.781   3.148   0.873  36.133   3.010   0.763  34.047   4.380   0.735  32.193   1.000 0 0 0 0 0 1 
1236 40 113494 1564.00  679.70  -0.04  -0.20     nan    nan     nan     nan  21.873   4.687   0.729  62.672     nan     nan     nan     nan     nan     nan     nan 0 0 0 1061887714263455 0 1 
1236 40   5957  180.57 2553.62  -1.00  -1.00  -1.000 -1.000  -1.000  -1.000  -1.000  -1.000  -1.000  -1.000  -1.000  -1.000  -1.000  -1.000  -1.000  -1.000  -1.000 -1 -1 -1 -1 -1 -1 
1236 40  38039 1123.24  746.79   0.37  -0.39  22.462  0.031  22.948  22.349  22.850   4.963   0.654 -85.910   5.549   0.538 -84.323  13.401   0.552 -86.976   0.846 0 0 0 0 2 1 
1236 40  13989 1225.05 1495.46  -0.02   0.06  22.605  0.033  22.840  22.570  22.689   3.774   0.655 -72.064   3.877   0.425 -71.236   5.962   0.370 -71.622   0.880 0 0 0 0 0 1 
1236 40 161539 1089.14 1261.51  -0.02   0.02  21.533  0.030  21.717  21.389  21.593   3.673   0.818  66.863   3.708   0.709  67.722   6.209   0.671  67.471   0.585 0 0 0 0 0 1 
1236 40  75224  696.41 2471.92  -0.62   0.42  22.403  0.031  22.675  22.249  22.493   4.288   0.647  43.227   4.631   0.501  43.396   9.009   0.486  44.108   0.673 0 0 0 1061887714264558 0 1 
1236 40 186203  626.55 3546.47   0.08   0.15  22.622  0.032  22.622  22.216  22.674   5.222   0.533  29.093   5.851   0.361  28.728  12.331   0.281  28.692   0.000 0 0 0 0 0 1 
1236 40 176089 1742.29 1634.43   0.51   0.48     nan    nan     nan     nan     nan   3.227   0.918  38.261     nan     nan     nan     nan     nan     nan     nan 0 0 0 1061887714264020 0 1 
1236 40  30397 1508.61 1482.20   0.01   0.02  21.423  0.030  21.748  21.372  21.564   4.015   0.783  80.933   4.455   0.653  80.027   8.109   0.603  79.862   0.876 0 0 0 0 2 1 
1236 40  38878  149.23 3418.16   0.20  -0.39  21.661  0.030  21.892  21.452  21.794   4.006   0.932 -24.227   4.282   0.889 -27.585   8.720   0.833 -27.462   0.561 0 0 0 1061887714265123 0 1 
1236 40 190008  454.56 2803.75   0.06   0.00  21.957  0.030  22.051  21.710  21.973   3.796   0.891 -68.380   3.831   0.826 -62.298   6.626   0.792 -58.228   0.295 0 0 0 0 0 1 
1236 40 128740 1042.44 2670.30   0.07  -0.26  21.379  0.030  21.489  21.062  21.399   4.521   0.752   4.721   5.105   0.637   3.538  10.460   0.575   2.335   0.287 0 0 0 0 2 1 
1236 40  46093 1455.56 3562.94   0.03   0.08  21.552  0.030  21.616  21.102  21.552   5.318   0.719  13.393   6.144   0.640  11.172  14.369   0.583   9.999   0.147 0 0 0 0 0 1 
1236 40 195576  158.41 3424.84   0.11   0.08  21.746  0.030  22.034  21.735  21.885   3.311   0.901  77.567   3.148   0.846  73.872   4.740   0.867  76.998   0.968 0 0 0 1061887714265123 0 1 
1236 40  14825  802.19  655.90  -0.09  -0.08  21.658  0.030  21.864  21.515  21.743   4.457   0.649 -25.147   4.984   0.470 -25.310   8.989   0.410 -25.629   0.614 0 0 0 1061887714263449 0 1 
1236 40 135023 1792.33   76.45   0.02  -0.05  20.428  0.029  20.711  20.424  20.535   3.147   0.976 -82.806   2.964   0.944 -69.653   4.426   0.928 -63.234   0.986 0 0 0 1061887714263092 0 1 
1236 40  92771  990.64 3606.44  -0.00  -0.05  20.803  0.030  21.214  20.748  21.015   4.109   0.896  21.596   4.664   0.858  19.875   9.516   0.842  17.290   0.896 0 0 0 0 0 1 
1236 40  58133 1884.80 3977.69   0.04  -0.01  19.930  0.031  20.118  19.494  20.030   5.441   0.874  54.782   6.446   0.846  57.424  16.350   0.898  55.935   0.351 0 0 0 0 3 1 
1236 40  30102  368.04 3677.97  -0.35   0.05  21.617  0.029  22.083  21.197  21.888   9.250   0.579 -88.363  12.244   0.530 -88.426  44.526   0.492 -88.740   0.617 0 0 0 0 0 1 
1236 40  51843 1653.72 2208.02  -0.02  -0.08  20.303  0.030  20.523  20.229  20.386   3.387   0.930 -30.662   3.402   0.859 -31.419   5.293   0.817 -31.593   0.757 0 0 0 0 0 1 
1236 40 126087 1728.58 4116.63   0.04  -0.07  20.804  0.031  21.066  20.774  20.872   3.438   0.855   0.749   3.458   0.735  -1.673   5.397   0.680  -1.828   0.901 0 0 0 0 0 1 
1236 40 161788  841.00 1773.96  -1.00  -1.00  -1.000 -1.000  -1.000  -1.000  -1.000  -1.000  -1.000  -1.000  -1.000  -1.000  -1.000  -1.000  -1.000  -1.000  -1.000 -1 -1 -1 -1 -1 -1 
1236 40  54583  988.52 1981.45   0.81   0.60  22.892  0.034  22.892  22.516  24.196   4.321   0.686  52.081   4.484   0.558  51.268   8.656   0.491  50.681   0.000 0 0 0 0 0 1 
1236 40 187814  770.72  160.40   0.04  -0.17  20.727  0.029  21.428  20.670  21.219   4.057   0.792 -80.090   4.372   0.665 -80.024  15.425   0.461  80.491   0.939 0 0 0 0 5 1 
1236 40 104649   41.68  820.27   1.32  -1.27  22.279  0.031  22.279  21.915  22.224   4.739   0.629 -39.405   5.176   0.464 -39.483   9.957   0.381 -40.260   0.000 0 0 0 0 0 1 
1236 40 116962 2015.06 1550.77  -0.06   0.23  21.433  0.030  21.521  21.181  21.421   3.536   0.937  48.399   3.412   0.903  49.870   5.787   0.891  50.265   0.280 0 0 0 0 2 1 
1236 40 142765 1987.51  702.59   0.03  -0.23  21.989  0.030  22.327  21.808  22.198   4.302   0.931  39.158   4.688   0.902  38.494  10.436   0.881  37.456   0.694 0 0 0 0 0 1 
1236 40  42571  182.05 1780.21  -0.05   0.05  22.308  0.031  22.406  22.124  22.338   3.540   0.890   6.177   3.377   0.813   5.924   5.252   0.771   5.005   0.363 0 0 0 0 0 1 
1236 40  31439  208.04 1005.52   0.31  -0.18  22.221  0.031  22.472  21.884  22.328   5.403   0.735 -36.686   6.343   0.631 -37.481  16.374   0.554 -37.689   0.485 0 0 0 0 0 1 
1236 40 137198   29.50 1538.71   0.50   0.29  21.248  0.030  21.572  21.247  21.359   3.592   0.740  29.552   3.756   0.564  27.275   5.992   0.563  22.250   1.000 0 0 0 0 2 1 
1236 40 130789  401.00 2275.62  -0.22  -0.09  22.884  0.034  22.884  22.452  22.789   3.942   0.937  -4.693   4.034   0.879  -0.521   8.140   0.844  10.077   0.000 0 0 0 1061887714264420 0 1 
1236 40  45841  424.07  695.21   0.07  -0.11  20.943  0.029  21.117  20.523  21.060   6.363   0.611 -70.358   7.918   0.511 -69.673  20.957   0.445 -69.053   0.343 0 0 0 0 0 1 
1236 40 114666 1468.78  499.80  -1.00  -1.00  -1.000 -1.000  -1.000  -1.000  -1.000  -1.000  -1.000  -1.000  -1.000  -1.000  -1.000  -1.000  -1.000  -1.000  -1.000 -1 -1 -1 -1 -1 -1 
1236 40 158476 1513.69  828.80  -0.19   0.06  22.199  0.031  22.287  21.912  22.243   4.462   0.725  56.652   4.751   0.614  56.700   8.957   0.552  57.027   0.258 0 0 0 0 0 1 
1236 40  31643  868.07 2666.97   0.13  -0.02  22.418  0.031  22.500  22.179  22.541   3.931   0.772 -16.804   4.066   0.621 -18.230   7.082   0.534 -18.725   0.273 0 0 0 0 0 1 
1236 40 139417 1514.65 2413.38   0.00  -0.18  20.912  0.030  21.073  20.443  21.011   6.408   0.670 -78.375   7.896   0.595 -78.426  21.724   0.534 -77.953   0.305 0 0 0 0 0 1 
1236 40  12384  924.68 3351.98  -0.03  -0.20  20.589  0.029  20.967  20.195  20.892   9.065   0.492  84.720  12.051   0.421  84.720  39.338   0.373  85.048   0.567 0 0 0 0 0 1 
1236 40 189453 1903.08 1234.99  -0.38  -0.47  19.918  0.029  19.949  19.335  19.919   6.712   0.680 -53.341   8.324   0.620 -52.591  22.769   0.554 -51.542   0.062 0 0 0 1061887714263816 0 1 
1236 40  80543 1083.86 4009.87  -0.06  -0.15  21.924  0.030  21.924  21.423  21.910   5.215   0.711  23.449   5.877   0.622  21.886  13.711   0.558  20.865   0.000 0 0 0 0 0 1 
1236 40  72721  850.52 3484.92  -0.15  -0.04  18.875  0.029  19.134  18.177  19.091  12.762   0.585  -1.157  17.729   0.557  -0.914  71.212   0.520  -0.782   0.353 0 0 0 0 4 1 
1236 40 100568  323.28 1436.99   0.16   0.19  22.864  0.034  22.864  22.573  24.475   3.896   0.770  75.111   3.778   0.655  75.463   6.171   0.606  73.194   0.000 0 0 0 0 0 1 
1236 40  78507 1426.21 2190.78  -0.02  -0.33  22.510  0.032  22.663  22.349  22.597   3.518   0.884  17.682   3.471   0.794  15.451   5.738   0.739  10.352   0.510 0 0 0 1061887714264356 0 1 
1236 40  44394 1793.21 2146.04   0.12   0.10  22.212  0.031  22.249  21.692  22.230   6.156   0.585  14.676   7.362   0.476  14.861  19.007   0.389  14.513   0.082 0 0 0 1061887714264341 0 1 
1236 40  93626  688.02 2738.31  -0.05   0.02  22.034  0.030  22.099  21.730  22.038   3.784   0.894  77.645   3.852   0.828  78.275   7.004   0.791  75.758   0.194 0 0 0 1061887714264691 0 1 
1236 40  15199 1101.84   20.85   0.16   0.15     nan    nan     nan     nan  20.736   3.554   0.832  64.425     nan     nan     nan     nan     nan     nan     nan 0 0 0 0 0 1 
1236 40 112584 1182.22 2757.13  -0.03   0.05  21.329  0.030  21.706  21.217  21.529   4.266   0.870  62.573   4.887   0.827  64.680  10.324   0.819  65.406   0.799 0 0 0 0 0 1 
