# Visit  CCD  FakeID  FakeX  FakeY   DiffX   DiffY   CmodMag   CmodErr  ExpMag  DevMag  KronMag  SdssR  SdssBa  SdssPa  ExpR  ExpBa  ExpPa  DevR  DevBa  DevPa  fracDev  SdssMiter ExpMiter DevMiter parentID  nChild  extended
1236 72 143578  184.60 3625.20  -0.01  -0.03  21.187  0.021  21.187  20.844  21.204   4.499   0.710   3.741   4.861   0.575   3.078   8.971   0.501   3.207   0.000 0 0 0 1062025153218595 0 1 
1236 72  23596  942.77 3660.62   0.09   0.42  22.842  0.025  22.841  22.484  22.877   5.069   0.552 -20.392   5.450   0.372 -20.760  10.622   0.291 -22.019   0.000 0 0 0 1062025153218620 0 1 
1236 72  84453 1430.25 3821.12  -0.03  -0.06  20.870  0.020  21.240  20.868  21.036   3.584   0.907  21.571   3.764   0.864  18.870   6.551   0.853  15.543   0.993 0 0 0 0 0 1 
1236 72  48292 1174.97 2602.38   0.21   0.04  22.837  0.026  22.837  22.489     nan   4.291   0.707  47.258   4.538   0.571  47.709   8.308   0.500  49.995   0.000 0 0 0 1062025153217988 0 1 
1236 72 164666  710.99   76.09  -0.96  -0.25  24.295  0.079  24.294  24.211  24.320   2.590   0.875  39.864   1.717   0.719  32.844   1.737   0.629  38.983   0.000 0 0 0 1062025153216592 0 1 
1236 72 144564 1707.13 1727.80  -0.01  -0.05  20.466  0.020  20.580  20.281  20.506   3.996   0.754  29.334   4.172   0.623  27.334   6.764   0.576  26.543   0.397 0 0 0 0 0 1 
1236 72 108156 1764.11 4110.15  -0.11  -0.15     nan    nan     nan     nan  20.625   7.296   0.596 -66.799     nan     nan     nan     nan     nan     nan     nan 0 0 0 1062025153218867 0 1 
1236 72 184948  992.29 1616.57  -0.02   0.02  20.934  0.019  21.016  20.310  20.994   8.260   0.500  79.978  10.296   0.435  79.489  31.046   0.395  79.141   0.148 0 0 0 0 2 1 
1236 72 190904 1594.15 3344.15   0.24   0.10  21.977  0.021  22.515  21.978  22.366   4.633   0.766   1.182   5.401   0.754  11.136  12.011   0.747  13.305   1.000 0 0 0 0 2 1 
1236 72 197245   88.50 2717.21  -0.05  -0.25  23.280  0.033  23.279  23.010     nan   3.954   0.668   0.201   3.914   0.464  -0.130   6.441   0.384   2.338   0.000 0 0 0 0 0 1 
1236 72 102527 1396.49 1992.62  -0.18  -0.15  20.249  0.019  20.592  19.860  20.501   6.442   0.830 -34.836   8.162   0.788 -34.515  24.673   0.750 -34.470   0.540 0 0 0 0 0 1 
1236 72  94006  620.61 1004.42   0.37   0.24  20.707  0.020  20.908  20.268  20.836   5.774   0.824 -25.814   7.054   0.756 -27.720  19.395   0.693 -29.169   0.369 0 0 0 0 0 1 
1236 72  32259  490.28 1875.93  -1.00  -1.00  -1.000 -1.000  -1.000  -1.000  -1.000  -1.000  -1.000  -1.000  -1.000  -1.000  -1.000  -1.000  -1.000  -1.000  -1.000 -1 -1 -1 -1 -1 -1 
1236 72  80088 1353.82  965.66   0.14  -0.01  21.414  0.020  21.592  20.909  21.578   7.610   0.554  31.127   9.412   0.485  30.127  27.449   0.442  29.843   0.315 0 0 0 1062025153217061 0 1 
1236 72  20232 1111.94  766.96  -0.13  -0.13  20.805  0.019  21.037  20.607  20.932   5.107   0.623  36.800   5.986   0.484  36.019  12.174   0.439  35.311   0.570 0 0 0 1062025153216908 0 1 
1236 72  64142  609.17 2534.69  -0.06  -0.12  21.160  0.020  21.217  20.870  21.182   4.034   0.856 -49.662   4.184   0.765 -45.730   7.454   0.711 -44.029   0.180 0 0 0 0 0 1 
1236 72 103792  451.29 2558.01   0.02  -0.02  20.145  0.020  20.476  20.145  20.260   3.842   0.709  69.232   4.292   0.535  69.471   7.096   0.495  69.974   1.000 0 0 0 0 0 1 
1236 72  54091  841.00 1773.96   0.37  -0.38  22.475  0.023  22.474  21.898  22.520   4.682   0.885 -22.596   5.211   0.821 -26.080  12.957   0.772 -29.864   0.000 0 0 0 0 0 1 
1236 72 188682  924.68 3351.98  -0.22   0.06  21.935  0.021  21.939  21.462  21.959   5.074   0.708  59.615   5.739   0.625  57.429  12.804   0.566  56.065   0.010 0 0 0 1062025153218436 0 1 
1236 72  35652 1514.65 2413.38  -0.08   0.20  20.010  0.019  20.261  19.936  20.142   3.660   0.904  46.314   3.812   0.871  48.560   6.088   0.876  41.645   0.784 0 0 0 0 2 1 
1236 72 131880 1541.56 1529.97   0.08   0.00  21.631  0.020  21.949  21.444  21.865   4.671   0.804 -76.904   5.333   0.733 -75.368  11.997   0.675 -75.017   0.671 0 0 0 1062025153217380 0 1 
1236 72  52199  983.90  988.03   0.06  -0.03  22.656  0.025  22.655  22.403     nan   3.460   0.908  47.993   3.070   0.882  38.122   4.495   0.865  28.268   0.000 0 0 0 0 0 1 
1236 72 128116 1405.03 2512.40  -1.00  -1.00  -1.000 -1.000  -1.000  -1.000  -1.000  -1.000  -1.000  -1.000  -1.000  -1.000  -1.000  -1.000  -1.000  -1.000  -1.000 -1 -1 -1 -1 -1 -1 
1236 72 191226 1362.71 3767.27   0.06   0.01  20.208  0.019  20.495  19.992  20.375   5.523   0.651  44.343   6.798   0.555  44.068  15.329   0.515  43.391   0.609 0 0 0 0 0 1 
1236 72 199910  598.53 2610.95  -0.02  -0.15  19.918  0.020  20.155  19.521  20.087   6.228   0.788 -85.006   7.801   0.745 -83.462  21.016   0.711 -82.122   0.430 0 0 0 0 0 1 
1236 72 198969 1053.65  176.48   0.39  -0.16  20.206  0.019  20.391  19.562  20.400   7.181   0.859 -61.424   9.711   0.776 -53.687  33.576   0.728 -54.774   0.286 0 0 0 0 4 1 
1236 72  68377  408.40 3330.42  -1.00  -1.00  -1.000 -1.000  -1.000  -1.000  -1.000  -1.000  -1.000  -1.000  -1.000  -1.000  -1.000  -1.000  -1.000  -1.000  -1.000 -1 -1 -1 -1 -1 -1 
1236 72  95234 1447.10 1716.69  -0.10   0.00  20.902  0.020  21.175  20.765  21.061   4.123   0.862  27.692   4.456   0.813  23.106   8.374   0.807  22.062   0.693 0 0 0 0 0 1 
1236 72  39785  647.90 2317.42  -0.08   0.10  22.062  0.021  22.061  21.630  22.035   5.056   0.637 -74.925   5.711   0.493 -74.428  12.231   0.406 -74.407   0.000 0 0 0 0 0 1 
1236 72 108104  971.86 4091.79   0.03   0.17  21.352  0.020  21.741  21.294  21.489   4.023   0.824  49.073   4.446   0.752  49.926   8.721   0.751  49.524   0.887 0 0 0 1062025153218879 0 1 
1236 72 107417  160.19  704.60   0.01  -0.01  22.596  0.025  22.595  22.298  24.502   4.128   0.679  50.990   4.120   0.518  51.809   6.947   0.442  53.199   0.000 0 0 0 1062025153216894 0 1 
1236 72 152587 1292.34  416.78  -0.14   0.04  22.385  0.023  22.561  22.144  22.473   4.039   0.845 -42.144   4.245   0.727 -42.915   8.408   0.665 -44.994   0.457 0 0 0 1062025153216743 0 1 
1236 72 188956  515.93 2467.22  -0.09  -0.25  22.291  0.022  22.291  21.954  24.214   4.449   0.672 -72.100   4.746   0.505 -70.870   8.879   0.403 -71.010   0.000 0 0 0 0 0 1 
1236 72  97299  204.83 3150.43   0.17  -0.01  22.729  0.026  22.791  22.629  22.760   3.658   0.667 -78.063   3.402   0.421 -76.348   4.303   0.351 -74.086   0.382 0 0 0 0 0 1 
1236 72 155505  307.42 3535.39  -1.00  -1.00  -1.000 -1.000  -1.000  -1.000  -1.000  -1.000  -1.000  -1.000  -1.000  -1.000  -1.000  -1.000  -1.000  -1.000  -1.000 -1 -1 -1 -1 -1 -1 
1236 72 195388  770.72  160.40  -0.21  -0.34     nan    nan     nan     nan  22.292   3.647   0.775 -53.991     nan     nan     nan     nan     nan     nan     nan 0 0 0 1062025153216592 0 1 
1236 72 116515 1753.55  593.19   0.02  -0.14  19.934  0.020  20.348  19.514  20.246   8.974   0.633  84.334  12.011   0.586  84.406  40.989   0.559  85.784   0.581 0 0 0 1062025153216815 0 1 
1236 72  78151 1816.88 3901.37  -0.32  -0.00  21.397  0.020  22.152  21.382  21.549   6.128   0.709 -31.768   7.801   0.697 -31.834  23.778   0.678 -34.209   0.985 0 0 0 1062025153218867 0 1 
1236 72  28162  962.88  303.76  -1.00  -1.00  -1.000 -1.000  -1.000  -1.000  -1.000  -1.000  -1.000  -1.000  -1.000  -1.000  -1.000  -1.000  -1.000  -1.000  -1.000 -1 -1 -1 -1 -1 -1 
1236 72 155007   22.22 2530.40  -0.22   0.60  22.327  0.023  22.422  22.028     nan   4.037   0.844 -33.332   4.178   0.738 -34.943   8.007   0.684 -34.582   0.270 0 0 0 0 0 1 
1236 72   2602 1918.84  244.89   0.16   0.15  24.094  0.070  24.093  24.095  24.132   2.054   0.915  57.063   0.619   0.629  58.375   0.380   0.599  59.327   0.000 0 0 0 1062025153216653 0 0 
1236 72 190203 1296.41 2355.05  -0.05  -0.33  20.331  0.019  20.564  19.854  20.514   7.007   0.679 -87.390   8.804   0.630 -86.392  26.238   0.589 -85.785   0.393 0 0 0 0 0 1 
1236 72 198998 1352.80 1518.20   0.29   0.08     nan    nan     nan     nan  22.379   4.110   0.641  -8.409     nan     nan     nan     nan     nan     nan     nan 0 0 0 1062025153217377 0 1 
1236 72 123454  988.52 1981.45  -0.08  -0.14  22.688  0.025  22.688  22.455  22.736   3.816   0.718 -88.561   3.595   0.571 -86.656   5.271   0.514 -84.837   0.000 0 0 0 1062025153217617 0 1 
1236 72  43668 1211.01 1020.54   0.11  -0.13  22.663  0.025  22.663  22.376  22.734   3.980   0.794  43.766   3.875   0.697  41.431   6.327   0.639  39.235   0.000 0 0 0 1062025153217101 0 1 
1236 72 111353 1336.99 2561.68   0.13  -0.19  19.669  0.019  20.189  19.456  20.038   6.325   0.899  70.616   8.353   0.887  69.288  24.540   0.885  72.439   0.764 0 0 0 0 2 1 
1236 72  37691 1768.95  615.35   0.75  -0.46  22.786  0.026  22.957  22.543  22.896   3.659   0.838 -76.217   3.717   0.704 -70.097   7.438   0.618 -62.806   0.449 0 0 0 1062025153216815 0 1 
1236 72  70525   45.05 3845.42   0.02  -0.19  22.926  0.025  22.926  22.252  22.883   6.620   0.695  60.948   7.877   0.627  64.743  22.771   0.580  68.962   0.000 0 0 0 0 0 1 
1236 72 127669   37.84 1605.05   0.16  -0.05  22.697  0.025  22.697  22.071  22.576   5.171   0.768  31.807   5.908   0.687  32.234  15.886   0.629  32.593   0.000 0 0 0 0 0 1 
1236 72   3965  836.63 3995.27  -0.09  -0.02  20.351  0.019  20.927  20.264  20.692   5.533   0.817  28.814   7.262   0.759  27.507  19.726   0.728  25.712   0.894 0 0 0 0 2 1 
