# Visit  CCD  FakeID  FakeX  FakeY   DiffX   DiffY   CmodMag   CmodErr  ExpMag  DevMag  KronMag  SdssR  SdssBa  SdssPa  ExpR  ExpBa  ExpPa  DevR  DevBa  DevPa  fracDev  SdssMiter ExpMiter DevMiter parentID  nChild  extended
1236 59  62786 1055.16 3083.81   0.05  -0.20  20.638  0.023  20.666  19.931  20.639   6.321   0.838 -78.304   7.747   0.821 -75.487  23.660   0.795 -73.285   0.050 0 0 0 1061969318643548 0 1 
1236 59  82106  161.31 1308.79   1.50  -0.63     nan    nan     nan     nan     nan   3.069   0.845 -20.909     nan     nan     nan     nan     nan     nan     nan 0 0 0 0 0 1 
1236 59  99337  352.84 3200.67  -0.12  -0.09  22.689  0.028  22.689  22.458  22.663   3.365   0.844  36.893   3.104   0.711  31.365   4.474   0.647  27.699   0.000 0 0 0 1061969318643629 0 1 
1236 59  48292 1568.10  628.44   0.41   0.13  22.647  0.026  22.685  22.186  22.591   4.886   0.657  48.577   5.507   0.530  47.384  12.709   0.459  46.807   0.092 0 0 0 0 0 1 
1236 59  90791 1847.70 4122.69  -0.04  -0.09  19.793  0.023  20.083  19.620  19.962   5.621   0.622  53.368   7.083   0.516  52.794  15.143   0.474  52.732   0.655 0 0 0 1061969318644156 0 1 
1236 59 175076  683.10 2982.43   0.01   0.34  23.149  0.033  23.419  23.053  23.270   3.993   0.761 -38.196   3.985   0.638 -35.210   7.239   0.568 -32.854   0.761 0 0 0 0 0 1 
1236 59 166582  474.36  943.64  -0.06  -0.16  21.667  0.024  21.666  21.229  21.617   5.046   0.648 -86.637   5.731   0.535 -86.456  12.296   0.458 -85.993   0.000 0 0 0 1061969318642186 0 1 
1236 59 182162 1107.58  783.79   0.04  -0.24  22.890  0.029  23.046  22.610  23.016   4.257   0.804  88.409   4.402   0.746  85.214   8.787   0.723  82.111   0.395 0 0 0 1061969318642093 0 1 
1236 59 180641  703.83 3217.10  -0.24  -0.32  20.636  0.023  20.953  20.399  20.860   6.163   0.646   9.811   7.725   0.542   8.740  19.211   0.474   7.786   0.619 0 0 0 0 0 1 
1236 59  68172  369.68 1661.06  -0.11  -0.01  22.634  0.027  22.800  22.488  22.748   5.066   0.511  46.844   5.658   0.311  47.355  10.175   0.220  48.424   0.555 0 0 0 0 0 1 
1236 59 188854  104.53 1029.84  -0.11  -0.11  20.384  0.023  20.761  20.384  20.459   3.527   0.771 -39.202   4.106   0.624 -34.090   6.983   0.630 -33.953   1.000 0 0 0 0 3 1 
1236 59 156909  562.83 3175.44  -0.03  -0.10  19.127  0.023  19.976  18.961  19.894   5.519   0.841  44.914   6.826   0.789  42.955  34.303   0.488  31.327   0.880 0 0 0 0 2 1 
1236 59  97523 1815.10  738.43  -0.03   0.14  21.262  0.023  21.528  20.987  21.462   5.214   0.815 -84.302   6.120   0.775 -82.438  14.377   0.753 -77.936   0.539 0 0 0 1061969318642075 0 1 
1236 59  23429 1027.56 1137.91  -0.03  -0.00  19.337  0.023  19.858  19.083  19.738   7.379   0.784  88.975  10.066   0.743  88.996  31.763   0.717 -89.976   0.734 0 0 0 1061969318642321 0 1 
1236 59 153655 1175.39 2882.89  -0.00   0.31  22.407  0.026  22.406  22.086  22.385   3.975   0.790 -76.134   3.968   0.700 -74.667   6.818   0.643 -74.812   0.000 0 0 0 0 0 1 
1236 59 164552  575.22 3264.01  -1.00  -1.00  -1.000 -1.000  -1.000  -1.000  -1.000  -1.000  -1.000  -1.000  -1.000  -1.000  -1.000  -1.000  -1.000  -1.000  -1.000 -1 -1 -1 -1 -1 -1 
1236 59 142238  576.00 3649.48   0.13  -0.38  21.042  0.023  21.113  20.442  21.064   7.339   0.563 -54.804   9.197   0.482 -54.905  27.037   0.420 -54.984   0.134 0 0 0 0 0 1 
1236 59  67848  602.96 3335.45  -0.13  -0.06     nan    nan     nan     nan  20.890   5.216   0.651  31.230     nan     nan     nan     nan     nan     nan     nan 0 0 0 1061969318643722 0 1 
1236 59 141767 1831.51 2531.94  -0.34   0.15     nan    nan     nan     nan     nan   3.376   0.839  23.670     nan     nan     nan     nan     nan     nan     nan 0 0 0 0 0 1 
1236 59 137390 1936.67 1813.37  -0.05  -0.07  21.578  0.023  21.910  21.387  21.814   4.675   0.774 -85.433   5.340   0.699 -85.635  12.037   0.679 -85.994   0.676 0 0 0 1061969318642761 0 1 
1236 59  94166   85.95  175.71  -0.06  -0.07  22.467  0.026  22.854  22.442  22.655   3.981   0.759  27.834   4.396   0.599  21.911   8.606   0.527  17.919   0.946 0 0 0 0 0 1 
1236 59 111291  483.32 1551.63  -0.02  -0.14  19.936  0.023  19.936  19.005  19.979  10.403   0.632  56.251  13.833   0.601  56.339  53.714   0.579  56.367   0.000 0 0 0 0 0 1 
1236 59   5766  719.52 3853.41   0.36  -0.15  20.475  0.023  20.516  19.881  20.485   7.408   0.587 -78.273   9.340   0.520 -77.807  26.192   0.472 -77.413   0.082 0 0 0 1061969318644014 0 1 
1236 59 192143  391.90 2903.56   0.05   0.03  22.931  0.031  23.119  22.932  23.030   2.980   0.860  84.218   2.607   0.709  79.728   3.353   0.626  78.346   1.000 0 0 0 0 0 1 
1236 59 198583  555.15 1023.49  -0.11  -0.22  21.728  0.024  21.728  21.147     nan   5.267   0.834  65.129   5.947   0.790  62.199  15.271   0.745  60.262   0.000 0 0 0 0 0 1 
1236 59  33899  177.01 3492.63  -0.12  -0.06  21.259  0.023  21.648  21.236  21.435   4.403   0.663 -59.330   5.039   0.506 -56.828   9.741   0.459 -53.102   0.951 0 0 0 0 2 1 
1236 59  90678  854.83 2342.26  -0.10  -0.27  22.367  0.026  22.648  22.311  22.586   3.895   0.731  53.295   4.229   0.560  50.177   7.356   0.494  50.330   0.847 0 0 0 0 0 1 
1236 59  34732 1847.54 3991.25  -0.02  -0.05  19.542  0.023  20.295  19.544  20.028   7.422   0.518  -6.165  11.535   0.388  -1.072  37.289   0.311   2.844   1.000 0 0 0 0 2 1 
1236 59  82435  546.45  778.50   0.16  -0.14  21.131  0.023  21.167  20.781  21.115   4.044   0.892 -44.681   4.281   0.830 -43.143   8.084   0.792 -45.127   0.105 0 0 0 0 0 1 
1236 59  73473   69.55 3253.27   0.45  -0.27     nan    nan     nan     nan  19.584   7.369   0.612 -32.995     nan     nan     nan     nan     nan     nan     nan 0 0 0 0 12 1 
1236 59  77890   24.01  421.26  -0.01  -0.26     nan    nan     nan     nan     nan   7.456   0.680 -28.543     nan     nan     nan     nan     nan     nan     nan 0 0 0 1061969318641910 0 1 
1236 59 160494   62.19 4099.62  -0.19   0.03  22.266  0.025  22.265  21.916  22.275   3.954   0.810 -32.547   4.062   0.695 -32.673   7.373   0.623 -33.865   0.000 0 0 0 0 0 1 
1236 59  14795 1728.78 3036.33  -1.00  -1.00  -1.000 -1.000  -1.000  -1.000  -1.000  -1.000  -1.000  -1.000  -1.000  -1.000  -1.000  -1.000  -1.000  -1.000  -1.000 -1 -1 -1 -1 -1 -1 
1236 59 138488 1862.93 1536.17  -0.05  -0.08  20.887  0.023  21.325  20.686  21.225   6.912   0.549  11.277   8.912   0.456  10.977  24.665   0.397  10.236   0.735 0 0 0 0 0 1 
1236 59  67681  117.33 2237.98   0.18   0.06  22.953  0.030  22.962  22.612  22.942   4.361   0.686   5.253   4.573   0.521   7.970   8.520   0.432  10.131   0.029 0 0 0 0 0 1 
1236 59  55739  802.06  922.10   0.28  -0.00  21.816  0.024  21.903  21.329  21.853   5.742   0.615  21.992   7.018   0.482  21.191  18.390   0.400  20.843   0.182 0 0 0 1061969318642176 0 1 
1236 59  43714  488.09  264.28  -0.11  -0.06  22.812  0.028  23.022  22.624  22.894   3.565   0.945 -23.095   3.650   0.870 -18.599   6.946   0.804 -17.292   0.563 0 0 0 0 0 1 
1236 59 184853  670.38  682.88   0.08   0.05  21.669  0.024  21.808  21.221  21.764   4.817   0.910   0.478   5.531   0.876   0.990  13.801   0.852   0.522   0.281 0 0 0 0 2 1 
1236 59  30123  641.53 1530.94  -0.05  -0.06  22.983  0.030  22.983  22.650  22.950   4.236   0.635 -39.966   4.416   0.434 -38.725   7.974   0.360 -38.512   0.000 0 0 0 0 0 1 
1236 59  78724 1037.66 1608.94  -0.18  -0.29  21.617  0.023  22.281  21.618  21.883   4.035   0.902  84.829   4.799   0.901 -77.065  13.098   0.816 -47.311   1.000 0 0 0 0 2 1 
1236 59 105943  399.07  951.03   0.10   0.08  22.720  0.027  22.720  22.296  24.906   4.623   0.711  72.829   5.021   0.594  73.710  10.609   0.496  75.550   0.000 0 0 0 0 0 1 
1236 59 175764 1170.86 2467.44   0.05   0.20  22.295  0.025  22.295  21.858  23.280   4.242   0.862  65.716   4.399   0.823  64.127   8.946   0.802  64.492   0.000 0 0 0 0 0 1 
1236 59 130825  105.79 3162.93  -0.10  -0.12  20.143  0.023  20.524  20.143  20.339   4.071   0.755 -30.368   4.759   0.628 -30.642   8.609   0.586 -30.344   0.998 0 0 0 1061969318643614 0 1 
1236 59   9997 1030.24  270.76   0.00  -0.38     nan    nan     nan     nan     nan   3.408   0.762  16.157     nan     nan     nan     nan     nan     nan     nan 0 0 0 1061969318641789 0 1 
1236 59 130499 1797.21  154.91   0.04   0.31  21.016  0.023  21.577  20.828  21.402   5.655   0.813  44.510   7.358   0.782  27.942  21.920   0.778  27.913   0.802 0 0 0 0 2 1 
1236 59 157734  229.60  722.61   1.20   0.17  21.283  0.023  21.283  20.598  21.296   6.656   0.637  -9.859   8.276   0.548 -10.785  24.828   0.485 -10.488   0.000 0 0 0 1061969318642082 0 1 
1236 59 100292  747.46  889.59   0.18  -0.06  22.986  0.030  23.147  22.819  23.017   3.578   0.783 -34.684   3.494   0.660 -33.527   5.802   0.637 -35.544   0.516 0 0 0 0 0 1 
1236 59  51455  414.22 2203.52   0.08  -0.07  20.805  0.023  21.514  20.659  21.257   4.406   0.869 -32.263   4.928   0.830 -26.315  17.416   0.747  61.580   0.868 0 0 0 0 2 1 
1236 59 197576 1567.24 1574.26   0.14  -0.70  23.036  0.028  23.038  22.392  23.113   6.527   0.509 -72.187   8.008   0.388 -71.223  22.599   0.340 -70.724   0.004 0 0 0 1061969318642588 0 1 
1236 59 155055 1987.26 2519.65   0.05  -0.19  22.165  0.024  22.165  21.863  22.187   4.046   0.758 -63.372   4.210   0.613 -61.489   7.204   0.525 -60.571   0.000 0 0 0 0 0 1 
