# Visit  CCD  FakeID  FakeX  FakeY   DiffX   DiffY   CmodMag   CmodErr  ExpMag  DevMag  KronMag  SdssR  SdssBa  SdssPa  ExpR  ExpBa  ExpPa  DevR  DevBa  DevPa  fracDev  SdssMiter ExpMiter DevMiter parentID  nChild  extended
1236 43  38878 1540.17 3008.05  -1.00  -1.00  -1.000 -1.000  -1.000  -1.000  -1.000  -1.000  -1.000  -1.000  -1.000  -1.000  -1.000  -1.000  -1.000  -1.000  -1.000 -1 -1 -1 -1 -1 -1 
1236 43 138900  933.55 1861.70   0.23  -0.14  21.649  0.022  21.944  21.336  21.680   6.267   0.543  35.545   7.614   0.442  35.419  19.913   0.400  35.294   0.546 0 0 0 1061900599165850 0 1 
1236 43  67627 1429.50 1951.78  -0.18  -0.04  22.418  0.025  22.456  22.191  22.409   3.599   0.864  66.911   3.453   0.775  62.750   5.371   0.697  57.965   0.153 0 0 0 1061900599165906 0 1 
1236 43 181461 1782.68 4071.28   0.36  -0.49  22.975  0.029  22.975  22.583     nan   4.763   0.682  16.609   5.092   0.535  16.025  10.403   0.436  16.979   0.000 0 0 0 0 0 1 
1236 43 136054 1495.16 2466.12   0.18  -0.02  20.761  0.021  20.867  20.512  20.782   3.837   0.880 -35.056   3.997   0.790 -33.254   7.088   0.755 -32.504   0.322 0 0 0 1061900599166172 0 1 
1236 43  46379  136.61 1280.62   0.06   0.07  21.818  0.022  21.973  21.647  21.848   3.661   0.770  14.619   3.696   0.611  11.438   6.167   0.582   9.386   0.500 0 0 0 1061900599165554 0 1 
1236 43 184172 1479.60 1345.86  -0.10  -0.15  22.724  0.027  22.724  22.512  22.677   3.478   0.747  80.932   3.224   0.583  80.622   4.497   0.521  77.909   0.000 0 0 0 0 0 1 
1236 43 128111  430.70 3175.73   0.21  -0.26  22.629  0.026  22.846  22.415  22.806   4.213   0.760  13.712   4.413   0.655  15.483   8.724   0.628  19.037   0.541 0 0 0 0 2 1 
1236 43 201000  685.42  466.85   0.01   0.04  21.270  0.021  22.040  21.199  21.706   4.571   0.824  89.251   5.197   0.759 -87.158  15.741   0.895 -50.599   0.938 0 0 0 0 4 1 
1236 43 114097  465.45  600.96   0.01  -0.27  22.923  0.029  22.922  22.674  22.842   3.772   0.747  80.992   3.658   0.608  83.610   5.509   0.545  85.189   0.000 0 0 0 0 0 1 
1236 43 158600  403.61 1119.32   0.32   0.19  22.310  0.023  22.464  21.998  22.414   4.041   0.968 -49.159   4.265   0.915 -59.023   9.133   0.846 -60.027   0.368 0 0 0 1061900599165461 0 1 
1236 43  19851  288.76 2177.34  -0.00  -0.19  19.712  0.021  19.730  19.127  19.704   5.779   0.886 -71.661   7.005   0.864 -69.924  18.276   0.841 -67.588   0.037 0 0 0 0 2 1 
1236 43  47773  774.36 3190.33  -0.14  -0.95  23.061  0.029  23.071  22.414  22.718   6.026   0.621  41.018   7.325   0.499  42.253  20.954   0.429  43.254   0.020 0 0 0 0 0 1 
1236 43 184255 1185.81 1234.36  -0.18  -0.16  21.887  0.022  21.887  21.502  22.796   4.978   0.635   0.903   5.477   0.492  -0.654  10.948   0.413  -1.300   0.000 0 0 0 0 0 1 
1236 43  95536  656.85 1266.85   0.03  -0.02  21.930  0.022  21.934  21.735  21.872   3.722   0.684 -67.502   3.691   0.453 -66.406   5.164   0.370 -67.148   0.019 0 0 0 0 0 1 
1236 43 108555 1098.15  346.54   0.03  -0.12  21.384  0.021  21.572  21.124  21.503   4.305   0.787  -2.951   4.654   0.683  -4.687   9.536   0.653   1.718   0.456 0 0 0 0 2 1 
1236 43  79922  571.39 3240.51  -0.08   0.01  21.286  0.021  21.348  20.947  21.300   3.999   0.883  80.528   4.123   0.845  80.659   7.810   0.833  81.268   0.174 0 0 0 1061900599166615 0 1 
1236 43 194071  609.76 2865.65  -0.25  -0.07  22.621  0.027  22.755  22.496  22.484   3.272   0.855 -66.715   3.048   0.710 -66.325   4.434   0.690 -67.602   0.536 0 0 0 0 0 1 
1236 43 134368 1454.87 1049.42  -0.01  -0.05  21.094  0.021  21.094  20.862  21.081   3.568   0.806  63.439   3.364   0.707  65.175   4.820   0.662  67.152   0.003 0 0 0 0 0 1 
1236 43  71791 2007.96  988.01   0.04  -0.01  22.999  0.030  23.005  22.750  23.046   3.360   0.946 -87.068   3.024   0.886 -73.924   4.643   0.784 -80.711   0.029 0 0 0 0 0 1 
1236 43 120800  860.21 1535.21  -0.02  -0.05  21.757  0.022  21.757  21.403  22.455   4.020   0.848 -89.611   4.043   0.776 -85.592   7.278   0.734 -83.736   0.000 0 0 0 1061900599165678 0 1 
1236 43 189642 1903.56   23.41  -0.56   0.59  23.099  0.031  23.099  22.740     nan   4.445   0.628 -83.788   4.729   0.453 -81.103   9.107   0.359 -78.803   0.000 0 0 0 0 0 1 
1236 43 113770  423.33 2255.39   0.25   0.08  22.611  0.025  22.611  22.142  22.620   4.099   0.836  37.008   4.365   0.790  33.690   9.120   0.784  29.035   0.000 0 0 0 0 0 1 
1236 43 162496  931.44  820.74  -0.20   0.16  21.887  0.021  21.887  21.222  21.864   7.747   0.489 -14.737   9.762   0.380 -15.344  29.244   0.313 -15.623   0.000 0 0 0 0 0 1 
1236 43  20814 1178.36 3889.18  -0.31   1.03  22.671  0.025  22.670  22.195  22.636   4.529   0.763  89.086   4.835   0.678 -88.657  10.700   0.626 -87.928   0.000 0 0 0 0 0 1 
1236 43 102927 1786.95  714.26   0.58  -0.01  22.587  0.025  22.627  22.175  22.631   4.563   0.685 -71.211   5.060   0.557 -70.301  10.818   0.493 -68.492   0.104 0 0 0 1061900599165258 0 1 
1236 43  78016  802.11  153.97  -0.28   0.25  24.395  0.092  24.395  24.394  24.371   2.278   0.806  73.504   1.240   0.186  80.023   0.831   0.136  79.868   0.000 0 0 0 1061900599164994 0 1 
1236 43  20502  790.07 3948.70   0.72  -0.22  21.526  0.021  21.526  20.990  21.545   5.606   0.654  -3.835   6.558   0.547  -4.104  16.209   0.474  -4.209   0.000 0 0 0 0 0 1 
1236 43  98274 1535.82 1624.60  -0.15  -0.43  23.350  0.040  23.613  23.308  23.242   2.368   0.913  32.285   1.539   0.745  13.977   3.334   0.373  23.422   0.863 0 0 0 1061900599165715 0 1 
1236 43 199937 1649.02 1793.19  -0.02  -0.05  20.334  0.021  20.356  19.879  20.330   5.071   0.802 -49.945   5.861   0.727 -49.054  13.070   0.670 -48.361   0.053 0 0 0 0 0 1 
1236 43 190506 1416.27 3833.92  -0.10  -0.12  20.943  0.021  21.011  20.566  20.966   5.246   0.627  34.579   6.053   0.514  33.893  12.909   0.458  33.843   0.172 0 0 0 0 0 1 
1236 43  46376 1486.99  880.51   1.78   0.41  23.315  0.036  23.314  23.000  23.319   3.672   0.867  68.266   3.535   0.788  65.673   6.174   0.678  64.812   0.000 0 0 0 1061900599165339 0 1 
1236 43 185508  175.47 2901.70  -0.17  -0.31  22.891  0.029  22.890  22.586  24.918   3.892   0.816  58.654   3.774   0.728  57.871   6.442   0.644  57.481   0.000 0 0 0 0 0 1 
1236 43  49970  404.96 3737.61  -0.14  -0.12  21.636  0.021  21.684  21.284  21.682   4.012   0.885   0.478   4.214   0.801  -1.443   8.129   0.756  -1.878   0.135 0 0 0 0 0 1 
1236 43  20319  973.37 3190.15  -0.01  -0.07  21.869  0.022  21.869  21.664  21.826   3.543   0.755 -51.256   3.375   0.553 -48.508   4.642   0.489 -46.788   0.000 0 0 0 0 0 1 
1236 43  62649  161.59  317.75  -0.06  -0.12  21.000  0.020  21.315  20.695  21.149   5.464   0.701 -17.148   6.718   0.593 -14.141  17.985   0.534  -9.903   0.566 0 0 0 0 2 1 
1236 43  72360  122.71 3498.45  -0.32   0.23  22.904  0.028  22.904  22.555     nan   4.584   0.633  75.290   4.894   0.471  76.064   9.583   0.353  76.613   0.000 0 0 0 0 0 1 
1236 43 118862 1892.52  544.71   0.07  -0.15  22.710  0.027  22.861  22.603  22.832   3.462   0.811 -84.912   3.248   0.689 -83.177   4.774   0.653 -80.126   0.600 0 0 0 0 0 1 
1236 43 145219  597.72 3147.24   0.10  -0.06  21.850  0.022  21.850  21.552  21.822   4.299   0.706  -8.651   4.553   0.536  -9.023   7.819   0.452  -8.484   0.000 0 0 0 0 0 1 
1236 43   1633 1624.04 1609.93   0.39   0.10  22.154  0.022  22.172  21.637  22.111   5.148   0.734 -30.964   5.856   0.640 -31.664  14.101   0.576 -32.997   0.042 0 0 0 0 0 1 
1236 43 157351  741.69 3491.53   0.03  -0.11  22.283  0.023  22.384  21.989  23.252   4.236   0.817  25.883   4.442   0.729  24.525   8.442   0.693  24.006   0.283 0 0 0 0 0 1 
1236 43 162352 1732.91 2899.03  -0.30  -0.03  22.759  0.026  22.759  22.379     nan   5.085   0.587 -44.380   5.588   0.415 -45.245  11.548   0.316 -47.145   0.000 0 0 0 0 0 1 
1236 43  79028  361.28 3137.89  -0.46  -0.10  22.594  0.025  22.988  22.393  22.800   5.672   0.622  -3.065   6.605   0.528  -4.212  16.840   0.479  -6.767   0.713 0 0 0 1061900599166554 0 1 
1236 43  74040 1724.68 3311.90   0.00  -0.14  21.651  0.022  21.651  21.451  21.649   3.340   0.841  12.584   3.043   0.704   5.880   4.124   0.640   3.293   0.000 0 0 0 0 0 1 
1236 43  11596  377.44 2158.47   0.07   0.07  22.994  0.031  22.994  22.851  22.955   3.262   0.764  26.574   2.822   0.567  22.052   3.377   0.495  19.349   0.000 0 0 0 0 0 1 
1236 43 106304  589.26 1526.20   0.07   0.01  22.798  0.028  22.798  22.612  22.729   3.234   0.824  32.412   2.731   0.710  28.307   3.416   0.718  27.447   0.000 0 0 0 1061900599165674 0 1 
1236 43 131150 1506.96 1190.96   0.81  -0.31  22.268  0.022  22.459  21.722  22.056   7.095   0.563  23.647   8.701   0.487  22.412  26.608   0.452  20.716   0.322 0 0 0 0 0 1 
1236 43 117273  851.70  965.39  -0.05   0.01  22.844  0.027  22.903  22.440  22.933   4.262   0.815 -11.425   4.653   0.679 -14.370  10.234   0.577 -15.973   0.149 0 0 0 0 0 1 
1236 43  52117 1126.39 1352.96  -0.25   0.14  22.374  0.024  22.374  22.057     nan   4.184   0.808  68.812   4.243   0.736  67.493   7.364   0.688  65.904   0.000 0 0 0 1061900599165581 0 1 
1236 43 135418 1172.17 2594.64  -0.02   0.06  21.253  0.021  21.272  20.923  21.237   4.232   0.764 -81.234   4.448   0.661 -79.213   8.028   0.603 -78.042   0.058 0 0 0 1061900599166270 0 1 
