# Visit  CCD  FakeID  FakeX  FakeY   DiffX   DiffY   CmodMag   CmodErr  ExpMag  DevMag  KronMag  SdssR  SdssBa  SdssPa  ExpR  ExpBa  ExpPa  DevR  DevBa  DevPa  fracDev  SdssMiter ExpMiter DevMiter parentID  nChild  extended
1236 40 116685  281.34 2190.02   0.10   0.02  23.108  0.037  23.109  23.035  23.164   3.043   0.827 -64.070   2.466   0.644 -58.112   2.523   0.573 -54.438   0.000 0 0 0 0 0 1 
1236 40  29377  609.49 3755.03  -0.03  -0.02  20.970  0.029  20.969  20.357  20.951   6.704   0.566 -49.071   8.219   0.468 -48.580  22.591   0.400 -48.156   0.000 0 0 0 1061887714265332 0 1 
1236 40 130459 1843.14  418.08   0.03   0.01  21.890  0.030  22.031  21.763  22.000   3.120   0.946  12.068   2.667   0.879   2.118   4.530   0.622   0.332   0.538 0 0 0 0 2 1 
1236 40 167926 1603.79  938.76   0.00   0.18  23.071  0.037  23.111  22.885     nan   3.836   0.671 -45.228   3.870   0.432 -43.279   5.913   0.309 -39.477   0.186 0 0 0 0 0 1 
1236 40  28880 1521.32 1254.48   0.06  -0.09  20.191  0.029  20.191  19.494  20.186   6.432   0.871 -85.525   7.936   0.851 -83.794  23.504   0.815 -84.626   0.000 0 0 0 1061887714263809 0 1 
1236 40  58088 2004.15 2751.57  -0.15   0.43  22.772  0.035  22.801  22.712  22.776   2.820   0.822 -27.446   2.229   0.573 -29.458   2.279   0.491 -26.445   0.322 0 0 0 0 0 1 
1236 40  71791   57.19  161.76   0.13  -0.03  22.978  0.036  22.987  22.646  22.989   3.878   0.861  69.771   3.772   0.795  68.571   6.616   0.738  65.985   0.027 0 0 0 0 0 1 
1236 40 189496 1694.76 1725.94   0.07  -0.25  21.671  0.030  21.762  21.193  21.756   5.139   0.865 -25.098   5.894   0.816 -25.257  14.573   0.777 -22.629   0.191 0 0 0 1061887714264093 0 1 
1236 40  64119 1397.62 3258.72  -0.00  -0.08  21.186  0.030  21.202  21.079  21.152   2.845   0.929  -8.119   2.277   0.826 -13.693   2.479   0.790 -14.403   0.127 0 0 0 0 0 1 
1236 40  54528  653.42  608.02  -0.06  -0.00  22.009  0.030  22.036  21.801  22.003   3.506   0.836   4.712   3.297   0.712   0.291   4.724   0.670  -2.954   0.120 0 0 0 0 0 1 
1236 40 163164 1408.40 1217.83   0.01  -0.09  20.475  0.029  20.494  20.184  20.476   4.361   0.731 -13.347   4.696   0.595 -13.469   8.031   0.530 -13.034   0.066 0 0 0 0 0 1 
1236 40 163144 1942.03 1722.83  -0.01  -0.14  21.945  0.031  21.945  21.801  21.936   2.922   0.978  16.946   2.335   0.956 -13.293   2.700   0.926 -23.214   0.000 0 0 0 0 0 1 
1236 40 111723  865.24 2797.12   0.16  -0.05  22.383  0.031  22.383  22.038  22.388   4.133   0.737 -62.446   4.274   0.592 -61.770   7.841   0.514 -61.511   0.000 0 0 0 0 0 1 
1236 40 188934  217.78 2472.23   0.45   0.35  22.870  0.033  22.870  22.327  22.920   5.118   0.714  58.461   5.582   0.638  57.874  13.298   0.595  57.988   0.000 0 0 0 0 0 1 
1236 40 160920 1782.05 2792.46   0.04  -0.40  21.491  0.030  21.634  20.908  21.527   6.263   0.719 -81.921   7.794   0.651 -81.673  23.831   0.595 -81.637   0.247 0 0 0 0 0 1 
1236 40 111939  361.18  265.41   0.09  -0.09  22.656  0.033  22.752  22.439  22.726   3.748   0.794 -16.463   3.770   0.633 -14.770   6.290   0.578 -12.910   0.328 0 0 0 0 0 1 
1236 40 160119   98.84 1149.29  -0.26  -0.02  22.458  0.032  22.546  22.030  22.506   4.426   0.840  34.772   4.712   0.822  35.131  10.377   0.838  36.718   0.201 0 0 0 0 0 1 
1236 40 134117  227.57  323.79  -0.11   0.28     nan    nan     nan     nan     nan   3.149   0.834 -80.644     nan     nan     nan     nan     nan     nan     nan 0 0 0 0 0 1 
1236 40  10982  191.10 3450.08  -1.00  -1.00  -1.000 -1.000  -1.000  -1.000  -1.000  -1.000  -1.000  -1.000  -1.000  -1.000  -1.000  -1.000  -1.000  -1.000  -1.000 -1 -1 -1 -1 -1 -1 
1236 40 180277 1815.08 3448.19   0.26  -0.02  22.719  0.034  22.719  22.534  22.680   3.222   0.892 -60.132   2.857   0.763 -56.038   3.763   0.698 -53.227   0.000 0 0 0 0 0 1 
1236 40 159581 1778.54 3596.49   0.09   0.01  22.078  0.032  22.210  21.893  22.086   3.776   0.726 -37.837   3.785   0.537 -38.209   6.157   0.527 -36.143   0.438 0 0 0 0 2 1 
1236 40 201000 1409.30 2162.54  -0.12  -0.21  22.178  0.031  22.183  21.767  22.129   4.024   0.914 -81.378   4.202   0.871 -78.001   8.364   0.823 -77.437   0.013 0 0 0 1061887714264366 0 1 
1236 40  96693  649.23  404.14  -0.04  -0.10  22.255  0.031  22.255  22.010  22.327   3.556   0.849  30.252   3.327   0.750  25.306   4.954   0.689  22.962   0.000 0 0 0 0 0 1 
1236 40   7654 1962.83 3339.10  -0.05   0.02  22.868  0.036  22.963  22.755  22.817   3.260   0.741  38.778   2.919   0.547  37.558   3.817   0.542  33.235   0.466 0 0 0 0 0 1 
1236 40 113106 1626.79 2980.32  -0.52  -0.18  20.851  0.030  20.850  20.284  20.825   6.101   0.694  13.471   7.256   0.632  12.451  18.418   0.585  11.862   0.000 0 0 0 1061887714264866 0 1 
1236 40  17934  417.89 3238.36   0.02  -0.70  23.255  0.038  23.255  22.919  23.289   4.463   0.620 -80.693   4.773   0.425 -80.556   8.823   0.332 -80.450   0.000 0 0 0 0 0 1 
1236 40  98881  857.61 1910.59  -0.21   0.03  23.029  0.036  23.029  22.861     nan   3.577   0.689 -76.763   3.351   0.467 -74.218   4.432   0.380 -75.139   0.000 0 0 0 1061887714264213 0 1 
1236 40  48270 1365.46 3798.82  -0.47   0.39  22.177  0.031  22.654  22.134  22.234   5.387   0.484 -38.523   6.731   0.280 -36.641  15.096   0.274 -37.179   0.929 0 0 0 0 3 1 
1236 40 107637 1782.00  969.57  -0.04  -0.18  22.411  0.031  22.411  21.918  22.513   5.365   0.596  -8.796   5.769   0.508 -10.711  12.455   0.524 -14.820   0.000 0 0 0 0 2 1 
1236 40 152619  430.63 1853.73  -0.40  -0.09  22.708  0.032  22.708  22.315     nan   6.146   0.463 -22.358   7.165   0.290 -22.927  15.240   0.200 -23.513   0.000 0 0 0 0 0 1 
1236 40  84182 1395.05 2188.98  -0.09  -0.23     nan    nan     nan     nan  21.474   6.234   0.525  89.634     nan     nan     nan     nan     nan     nan     nan 0 0 0 1061887714264366 0 1 
1236 40   5679  861.40 1315.57   0.08   0.04  22.375  0.031  22.375  21.897  22.428   4.270   0.969 -25.570   4.508   0.922 -29.254   9.932   0.863 -29.680   0.000 0 0 0 0 0 1 
1236 40  92777 1101.37 3519.15  -0.18  -0.17  22.953  0.035  22.984  22.575  23.866   4.467   0.806 -33.389   4.584   0.724 -30.941   9.075   0.660 -28.080   0.088 0 0 0 0 0 1 
1236 40 106678  816.42 3888.02  -0.16  -0.20  22.402  0.032  22.437  22.257  22.386   2.999   0.907  85.914   2.530   0.801 -87.009   3.244   0.724 -82.604   0.196 0 0 0 0 0 1 
1236 40 102060  713.70 2789.23   0.02  -0.04  21.440  0.030  21.460  21.274  21.427   3.214   0.848  -6.788   2.876   0.705  -9.066   3.688   0.664  -9.682   0.112 0 0 0 0 0 1 
1236 40 153297  394.14 1624.12   0.02  -0.07  21.583  0.030  21.583  21.092  21.606   4.901   0.809 -11.345   5.523   0.731 -12.215  12.457   0.679 -13.275   0.000 0 0 0 0 0 1 
1236 40 197121  314.89  996.49   0.97  -0.18  22.521  0.032  23.086  22.519  22.441   4.787   0.595  -9.749   5.754   0.419  -8.862  13.422   0.425  -7.825   0.996 0 0 0 1061887714263665 0 1 
1236 40 177915 1465.47 3875.69  -0.93  -0.36  20.023  0.030  20.140  20.006  20.006   2.770   0.883 -88.282   2.232   0.725 -82.334   2.467   0.668 -79.512   0.866 0 0 0 0 0 1 
1236 40  10899  857.05 4142.86  -0.05   0.14  22.100  0.031  22.141  21.920  22.112   3.426   0.836 -25.597   3.283   0.681 -24.706   4.729   0.589 -22.966   0.194 0 0 0 0 0 1 
1236 40  46567  583.07 1864.82   0.47   0.72  22.136  0.030  22.136  21.723  22.208   4.907   0.590  76.265   5.509   0.431  77.099  11.574   0.347  77.353   0.000 0 0 0 1061887714264177 0 1 
1236 40 130792   75.44 2229.77  -0.01  -0.01     nan    nan     nan     nan  20.483   4.550   0.826  76.586     nan     nan     nan     nan     nan     nan     nan 0 0 0 1061887714264400 0 1 
1236 40  74749  205.73 1659.96   0.61   0.07  22.394  0.031  22.817  22.184     nan   6.725   0.547  -1.560   8.947   0.389  -0.308  25.642   0.299   0.262   0.722 0 0 0 1061887714264048 0 1 
1236 40  51500 1090.03  837.17   0.05  -0.50  21.146  0.029  21.348  20.898  21.264   4.164   0.927  22.836   4.482   0.914  19.969   8.986   0.922   9.188   0.486 0 0 0 1061887714263552 0 1 
1236 40  85027  302.12 3902.85  -0.04  -0.06  20.888  0.029  20.938  20.479  20.916   4.422   0.928 -44.853   4.884   0.892 -44.246  10.361   0.853 -41.674   0.124 0 0 0 0 0 1 
1236 40 170877  597.78  514.47   0.35  -0.54  22.137  0.030  22.529  21.794  23.629   5.167   0.880  54.225   6.173   0.827  49.490  18.079   0.820  47.020   0.609 0 0 0 0 0 1 
1236 40  18797 1525.29 2600.24  -0.08  -0.14  22.828  0.034  23.291  22.824  23.081   3.938   0.942  83.331   3.826   0.958 -85.987   7.659   0.967 -43.076   0.992 0 0 0 1061887714264639 0 1 
1236 40  73663   20.73  550.17   0.27  -0.17     nan    nan     nan     nan     nan   4.203   0.626  -8.272     nan     nan     nan     nan     nan     nan     nan 0 0 0 0 3 1 
1236 40 118059  626.98 4150.53  -1.00  -1.00  -1.000 -1.000  -1.000  -1.000  -1.000  -1.000  -1.000  -1.000  -1.000  -1.000  -1.000  -1.000  -1.000  -1.000  -1.000 -1 -1 -1 -1 -1 -1 
1236 40 149304  918.97 1960.33   0.07   0.03  22.211  0.030  22.211  21.390  22.243   7.361   0.596  53.450   9.407   0.529  52.418  32.085   0.493  51.573   0.000 0 0 0 0 0 1 
1236 40  77662 1141.23 1801.01  -0.06  -0.15  23.024  0.036  23.032  22.860  23.008   3.000   0.916  13.543   2.538   0.810   0.127   3.236   0.722  -8.482   0.052 0 0 0 0 0 1 
