# Visit  CCD  FakeID  FakeX  FakeY   DiffX   DiffY   CmodMag   CmodErr  ExpMag  DevMag  KronMag  SdssR  SdssBa  SdssPa  ExpR  ExpBa  ExpPa  DevR  DevBa  DevPa  fracDev  SdssMiter ExpMiter DevMiter parentID  nChild  extended
1236 42 176125  230.78 3028.96   0.15   0.00  22.725  0.027  22.799  22.360  23.390   4.276   0.829  -1.266   4.623   0.709  -2.676   9.897   0.604  -2.377   0.193 0 0 0 1061896304199427 0 1 
1236 42 175164 1478.63 2694.85  -0.12  -0.11  21.393  0.023  21.393  21.003  21.407   4.093   0.930 -50.619   4.259   0.884 -47.615   8.147   0.839 -48.433   0.000 0 0 0 0 0 1 
1236 42  21918 1769.45 1811.09  -0.11  -0.41     nan    nan     nan     nan  21.192   5.952   0.621 -70.961     nan     nan     nan     nan     nan     nan     nan 0 0 0 1061896304198681 0 1 
1236 42  74151 1567.70 1390.13   0.25  -0.07  22.413  0.025  22.494  21.989  22.435   4.669   0.763 -27.474   5.137   0.688 -28.844  11.573   0.645 -31.134   0.187 0 0 0 0 0 1 
1236 42 150097 1688.89 2471.11  -0.01  -0.16  22.611  0.026  22.611  22.331  23.745   3.733   0.752  48.429   3.684   0.600  47.511   6.087   0.498  47.838   0.000 0 0 0 0 0 1 
1236 42 111706 1409.64 3935.74  -0.32  -0.09  22.907  0.028  22.907  22.533  22.918   3.716   0.979 -53.040   3.605   0.946 -49.127   6.704   0.902 -57.525   0.000 0 0 0 0 0 1 
1236 42 128623 1697.11 3440.98   0.57   0.24  23.364  0.034  23.383  22.785  23.105   4.775   0.746   8.364   5.469   0.616  11.646  14.412   0.541  14.083   0.040 0 0 0 1061896304199715 0 1 
1236 42 122528  441.83  412.71  -0.38   0.07  22.597  0.026  22.597  22.250  24.151   4.188   0.784  66.910   4.270   0.681  67.139   7.886   0.599  66.553   0.000 0 0 0 0 0 1 
1236 42 136050  969.31 2471.46   0.00  -0.04  21.104  0.022  21.198  20.834  21.149   4.093   0.810 -62.838   4.379   0.698 -61.218   8.072   0.635 -59.653   0.277 0 0 0 0 2 1 
1236 42 142883  338.65 2719.87   0.13   0.04  22.124  0.024  22.123  21.694  22.122   5.167   0.599  67.217   5.736   0.466  67.763  12.224   0.393  68.255   0.000 0 0 0 1061896304199245 0 1 
1236 42 103725  169.38 3872.51   0.22   0.46  22.022  0.023  22.365  21.787  22.286   5.076   0.757 -22.336   5.824   0.670 -20.718  14.671   0.603 -19.926   0.647 0 0 0 1061896304199993 0 1 
1236 42 190002  671.21 3364.16   0.02  -0.12  20.460  0.022  20.505  19.813  20.477   7.923   0.545 -78.201  10.169   0.466 -78.030  30.823   0.408 -77.615   0.084 0 0 0 1061896304199656 0 1 
1236 42  75236 1968.33 1775.25   0.11   0.01  21.729  0.023  21.860  21.302  21.783   4.871   0.748  47.660   5.641   0.663  48.845  13.741   0.618  49.670   0.274 0 0 0 0 0 1 
1236 42  42141  828.45 2218.18   0.38  -0.09  22.748  0.027  22.747  22.391  22.774   4.048   0.787  65.805   4.106   0.684  65.814   7.535   0.625  65.401   0.000 0 0 0 0 0 1 
1236 42  17589 1641.79 1105.53  -0.13   0.02  21.848  0.023  21.848  21.445  21.814   3.936   0.940 -36.883   4.099   0.889 -39.442   7.959   0.850 -43.999   0.000 0 0 0 0 0 1 
1236 42 143125 1993.43 2432.36  -0.10   0.14  22.536  0.025  22.569  21.975  22.366   5.354   0.712   1.496   6.235   0.633   3.052  16.216   0.574   4.977   0.070 0 0 0 1061896304199061 0 1 
1236 42 112438 1428.51 2249.80   0.18   0.69     nan    nan     nan     nan  22.662   3.623   0.869  23.095     nan     nan     nan     nan     nan     nan     nan 0 0 0 1061896304198953 0 1 
1236 42 191627  312.21 2484.46  -0.28  -0.69  21.971  0.023  22.135  21.666  22.062   4.125   0.912  -1.409   4.492   0.826  -4.008   9.719   0.752  -3.834   0.391 0 0 0 1061896304199075 0 1 
1236 42  13445  301.45 1425.70  -0.15  -0.05  22.414  0.025  22.419  22.015  22.440   5.032   0.613 -19.553   5.620   0.462 -19.847  11.492   0.383 -20.282   0.014 0 0 0 0 0 1 
1236 42  39446 1296.18 3252.03  -0.05  -0.03  22.510  0.026  22.731  22.387  22.541   3.956   0.706  21.510   4.089   0.559  21.162   7.169   0.504  20.920   0.667 0 0 0 0 0 1 
1236 42  66044 1333.63 3432.64   0.11   0.04  22.786  0.027  22.950  22.466  22.798   4.176   0.834 -60.174   4.568   0.717 -51.759  10.320   0.609 -46.778   0.382 0 0 0 0 0 1 
1236 42 110255  946.41  718.75  -0.49  -0.24  22.590  0.026  22.846  22.556  22.608   3.133   0.827 -60.150   2.920   0.630 -57.088   4.859   0.490 -53.925   0.890 0 0 0 1061896304198069 0 1 
1236 42 144549  203.15 3489.35  -0.31  -0.16  22.467  0.025  22.466  22.051  22.442   4.520   0.707  12.768   4.901   0.578  12.613   9.961   0.515  13.752   0.000 0 0 0 0 0 1 
1236 42  15869 1398.88 3262.66   0.08   0.05  21.592  0.023  22.171  21.491  21.915   6.029   0.632 -40.804   7.905   0.548 -39.093  22.057   0.521 -37.705   0.880 0 0 0 1061896304199626 0 1 
1236 42  60690  938.58  413.56  -0.05   0.02  22.548  0.025  22.548  22.096  22.616   4.399   0.776 -68.507   4.831   0.648 -67.968  10.679   0.547 -67.102   0.000 0 0 0 0 0 1 
1236 42 199917  744.85 3980.96   0.25  -0.19  22.709  0.026  22.793  22.268  22.819   4.650   0.750  -3.703   5.178   0.638  -1.939  12.251   0.572   4.181   0.192 0 0 0 0 2 1 
1236 42 138031   42.14  988.68  -0.14   0.32  21.569  0.023  21.591  21.238  21.550   3.696   0.940 -28.307   3.758   0.883 -33.644   6.702   0.840 -39.037   0.069 0 0 0 0 0 1 
1236 42  77741  792.79 2833.67   0.05  -0.17  20.102  0.022  20.102  19.513  20.105   7.044   0.595 -77.262   8.758   0.515 -77.107  23.498   0.451 -76.853   0.000 0 0 0 0 0 1 
1236 42 120284 1218.36 3128.75   0.36  -0.03  21.522  0.023  21.522  20.928  21.639   5.133   0.838   7.152   5.959   0.787   4.984  15.244   0.751   5.278   0.000 0 0 0 1061896304199499 0 1 
1236 42  37309 1067.55 4061.45   0.25  -0.02     nan    nan     nan     nan  21.505   4.950   0.799  18.255     nan     nan     nan     nan     nan     nan     nan 0 0 0 1061896304200109 0 1 
1236 42 152801 1132.09 3661.30   0.46  -0.45  22.964  0.028  22.963  22.440  22.896   4.709   0.718 -70.133   5.189   0.614 -67.789  12.161   0.560 -65.951   0.000 0 0 0 0 0 1 
1236 42 144563  572.97 2952.76   0.29  -0.11  22.673  0.027  22.674  22.513  22.663   3.344   0.773  34.531   2.996   0.591  32.707   3.767   0.517  31.789   0.012 0 0 0 0 0 1 
1236 42  63516 1708.60 3846.12   0.22  -0.09  22.169  0.024  22.435  21.907  22.472   5.379   0.651  64.595   6.251   0.555  65.055  14.831   0.491  66.331   0.555 0 0 0 0 0 1 
1236 42 165909  244.72 3985.70   0.02  -0.14  22.292  0.024  22.306  21.966  22.279   3.909   0.827 -53.094   3.923   0.731 -52.471   6.888   0.686 -52.218   0.050 0 0 0 0 0 1 
1236 42  94154 1590.73 4081.04  -0.12   0.02  21.406  0.023  21.477  21.207  21.424   3.353   0.918  79.080   3.116   0.857  86.850   4.735   0.814 -89.037   0.276 0 0 0 1061896304200095 0 1 
1236 42  93522 1888.30  781.11  -0.19  -0.09  22.674  0.027  22.674  22.513  22.630   3.088   0.813  39.376   2.634   0.674  40.941   3.153   0.657  41.181   0.000 0 0 0 0 0 1 
1236 42  61282  546.49 1904.91   0.06  -0.50  21.871  0.023  21.871  21.180  21.941   5.962   0.812 -78.297   7.164   0.761 -75.623  21.264   0.692 -73.991   0.000 0 0 0 1061896304198743 0 1 
1236 42 134022 1712.31 2718.77  -0.26  -0.70  22.013  0.023  22.518  21.795  22.395   5.570   0.870  52.774   6.767   0.837  47.379  19.764   0.813  40.172   0.756 0 0 0 1061896304199246 0 1 
1236 42 200428  696.00  598.32  -0.08   0.07  20.835  0.022  20.967  20.409  20.935   5.839   0.670  54.506   7.069   0.589  55.114  17.568   0.540  55.354   0.275 0 0 0 0 2 1 
1236 42   7402 1698.11 1407.26  -0.13   0.11  22.091  0.024  22.103  21.659  22.075   5.446   0.583  82.676   6.226   0.455  83.132  13.519   0.384  83.434   0.034 0 0 0 0 0 1 
1236 42  68321  562.39   65.86  -0.11  -0.08  22.627  0.026  22.628  22.441  22.638   3.117   0.877  -4.721   2.677   0.769  -8.849   3.397   0.765 -13.318   0.000 0 0 0 0 0 1 
1236 42  19879  708.50 3703.48  -0.10  -0.32  23.005  0.030  23.004  22.777  22.981   4.190   0.638 -50.979   4.269   0.420 -49.600   6.702   0.300 -49.481   0.000 0 0 0 0 0 1 
1236 42 135073  661.27 2909.14  -0.72  -1.65  21.378  0.022  21.377  20.502     nan  11.635   0.664 -54.986  15.156   0.650 -54.052  54.884   0.654 -53.055   0.000 0 0 0 0 6 1 
1236 42  74040  151.79 2717.47  -0.14  -0.05  21.102  0.023  21.574  21.085  21.370   3.410   0.821   4.822   3.450   0.642   4.177   7.499   0.596   7.017   0.968 0 0 0 0 4 1 
1236 42 150591 1144.82 1986.66   0.56  -0.54  22.566  0.026  23.256  22.568  22.848   5.290   0.580 -82.522   6.548   0.498 -88.881  17.346   0.518  83.601   1.000 0 0 0 1061896304198799 0 1 
1236 42 175541  140.94   61.62  -0.21  -0.13  21.899  0.023  21.966  21.294  21.948   5.457   0.771  48.535   6.481   0.700  49.662  18.469   0.641  49.970   0.127 0 0 0 1061896304197653 0 1 
1236 42  52117 1630.49  331.75  -0.02  -0.23  22.179  0.024  22.178  21.690  22.283   4.503   0.793  66.179   4.979   0.712  67.770  11.139   0.655  69.926   0.000 0 0 0 0 0 1 
1236 42  66640 1415.70 4057.09  -0.13   0.19     nan    nan     nan     nan     nan   3.259   0.792  58.342     nan     nan     nan     nan     nan     nan     nan 0 0 0 0 0 1 
1236 42  81304 1229.65 1574.85  -0.14  -0.01  20.757  0.022  20.834  19.996     nan   8.173   0.665  66.787  10.802   0.602  67.006  37.512   0.572  67.373   0.125 0 0 0 0 2 1 
1236 42 199178  597.37 1351.16   0.22  -0.20  22.535  0.025  22.535  22.059     nan   4.693   0.789  19.795   5.092   0.701  18.396  11.287   0.643  17.717   0.000 0 0 0 0 0 1 
