# Visit  CCD  FakeID  FakeX  FakeY   DiffX   DiffY   CmodMag   CmodErr  ExpMag  DevMag  KronMag  SdssR  SdssBa  SdssPa  ExpR  ExpBa  ExpPa  DevR  DevBa  DevPa  fracDev  SdssMiter ExpMiter DevMiter parentID  nChild  extended
1236 72 176125  230.78 3028.96  -0.44   0.16     nan    nan     nan     nan     nan   3.228   0.899  41.683     nan     nan     nan     nan     nan     nan     nan 0 0 0 0 0 1 
1236 72 175164 1478.63 2694.85   0.05  -0.10  21.310  0.020  21.378  20.954  21.359   4.032   0.962 -56.340   4.223   0.938 -48.472   8.279   0.928 -51.850   0.180 0 0 0 0 0 1 
1236 72  21918 1769.45 1811.09  -0.19  -0.09  21.096  0.020  21.268  20.461  21.250   6.083   0.964  37.185   7.456   0.956  31.798  24.003   0.960  29.770   0.273 0 0 0 0 0 1 
1236 72  74151 1567.70 1390.13   0.63   0.23  22.348  0.022  22.348  21.659  22.404   4.852   0.968 -21.303   5.511   0.920 -12.932  15.892   0.870  -9.425   0.000 0 0 0 0 0 1 
1236 72 150097 1688.89 2471.11   0.40   0.04  22.604  0.024  22.625  22.280  22.555   3.714   0.890  23.979   3.551   0.855  16.880   6.044   0.858   9.888   0.066 0 0 0 0 0 1 
1236 72 111706 1409.64 3935.74   0.08   0.23  22.902  0.026  22.902  22.538     nan   4.008   0.839  63.498   3.988   0.773  68.711   7.443   0.699  72.816   0.000 0 0 0 0 0 1 
1236 72 128623 1697.11 3440.98   0.67  -1.38  22.917  0.024  22.916  22.253  22.719   6.896   0.690  78.921   8.710   0.561  76.518  27.911   0.421  76.146   0.000 0 0 0 0 0 1 
1236 72 122528  441.83  412.71  -0.08   0.12  22.790  0.027  22.883  22.570  22.819   3.349   0.940 -84.438   3.046   0.889 -76.911   5.054   0.823 -77.166   0.319 0 0 0 1062025153216751 0 1 
1236 72 136050  969.31 2471.46  -0.05  -0.06  21.247  0.020  21.247  20.809  21.241   4.052   0.975  30.899   4.228   0.964   9.917   8.509   0.956  -4.546   0.000 0 0 0 1062025153217907 0 1 
1236 72 142883  338.65 2719.87  -0.07  -0.26     nan    nan     nan     nan     nan   3.049   0.961 -76.711     nan     nan     nan     nan     nan     nan     nan 0 0 0 0 0 1 
1236 72 103725  169.38 3872.51  -0.21   0.22  23.042  0.029  23.042  22.722     nan   3.899   0.870  44.050   3.786   0.791  39.786   6.520   0.730  36.278   0.000 0 0 0 0 0 1 
1236 72 190002  671.21 3364.16  -0.07  -0.10  20.525  0.020  20.525  19.613  20.517   8.058   0.933  -0.821  10.501   0.917  -1.658  39.416   0.896  -3.335   0.000 0 0 0 0 0 1 
1236 72  75236 1968.33 1775.25   0.07   0.01  21.615  0.020  21.843  21.206  21.669   4.914   0.965  53.436   5.541   0.967  61.028  14.456   0.964  73.946   0.419 0 0 0 0 0 1 
1236 72  42141  828.45 2218.18  -0.43   0.05  22.529  0.023  22.736  22.294  22.598   3.807   0.995  57.697   3.911   0.944 -42.138   7.939   0.886 -45.110   0.510 0 0 0 0 0 1 
1236 72  17589 1641.79 1105.53   0.03   0.07  21.791  0.020  21.791  21.323  21.826   4.280   0.980 -65.180   4.533   0.951 -37.569   9.697   0.917 -34.847   0.000 0 0 0 0 0 1 
1236 72 143125 1993.43 2432.36  -0.43  -0.36  22.366  0.022  23.051  22.281  22.678   7.338   0.660  -4.889   9.212   0.672  -0.598  28.195   0.663   6.474   0.913 0 0 0 1062025153217894 0 1 
1236 72 112438 1428.51 2249.80  -1.00  -1.00  -1.000 -1.000  -1.000  -1.000  -1.000  -1.000  -1.000  -1.000  -1.000  -1.000  -1.000  -1.000  -1.000  -1.000  -1.000 -1 -1 -1 -1 -1 -1 
1236 72 191627  312.21 2484.46   0.00  -0.00  22.575  0.024  22.646  22.311     nan   3.636   0.921 -50.274   3.704   0.770 -41.989   7.323   0.523 -38.839   0.227 0 0 0 0 2 1 
1236 72  13445  301.45 1425.70   0.64   0.95  22.847  0.026  22.847  22.375  22.662   4.168   0.907 -73.382   4.383   0.857 -69.360   9.523   0.798 -70.154   0.000 0 0 0 1062025153217332 0 1 
1236 72  39446 1296.18 3252.03  -0.32  -0.83     nan    nan     nan     nan     nan   3.234   0.853  72.250     nan     nan     nan     nan     nan     nan     nan 0 0 0 0 0 1 
1236 72  66044 1333.63 3432.64   0.54  -0.24     nan    nan     nan     nan     nan   2.796   0.890 -31.610     nan     nan     nan     nan     nan     nan     nan 0 0 0 0 0 1 
1236 72 110255  946.41  718.75  -0.11  -0.28  22.848  0.027  22.931  22.592  22.817   3.842   0.870  12.661   3.802   0.784   5.656   6.585   0.736   6.031   0.266 0 0 0 1062025153216911 0 1 
1236 72 144549  203.15 3489.35  -1.00  -1.00  -1.000 -1.000  -1.000  -1.000  -1.000  -1.000  -1.000  -1.000  -1.000  -1.000  -1.000  -1.000  -1.000  -1.000  -1.000 -1 -1 -1 -1 -1 -1 
1236 72  15869 1398.88 3262.66  -1.34  -0.22  22.572  0.022  22.571  21.896  24.457   5.948   0.735   0.508   6.758   0.683  -0.089  19.378   0.652   1.635   0.000 0 0 0 0 0 1 
1236 72  60690  938.58  413.56   0.14   0.11  22.563  0.023  22.562  22.032     nan   4.519   0.939 -82.215   4.820   0.901 -71.639  11.241   0.853 -68.151   0.000 0 0 0 0 0 1 
1236 72 199917  744.85 3980.96   0.23   0.04  22.932  0.026  22.932  22.334  22.877   4.426   0.892 -76.030   4.728   0.878 -78.822  11.862   0.861 -83.581   0.000 0 0 0 0 0 1 
1236 72 138031   42.14  988.68  -0.14   0.32  21.486  0.021  21.748  21.326  21.545   3.726   0.960  70.566   3.874   0.897  62.626   7.895   0.784  57.622   0.654 0 0 0 0 3 1 
1236 72  77741  792.79 2833.67   0.04  -0.14  20.122  0.019  20.121  19.268  20.126   6.822   0.991 -50.355   8.619   0.988 -29.417  29.916   0.976 -27.704   0.000 0 0 0 1062025153218140 0 1 
1236 72 120284 1218.36 3128.75  -0.15   0.03  21.557  0.020  21.557  20.943  21.563   4.977   0.946 -25.385   5.688   0.918 -24.262  14.941   0.888 -27.682   0.000 0 0 0 0 0 1 
1236 72  37309 1067.55 4061.45   0.22   0.30  21.527  0.020  21.882  21.245  21.539   4.691   0.955 -83.925   5.592   0.914 -74.745  14.712   0.892 -74.992   0.617 0 0 0 1062025153218901 0 1 
1236 72 152801 1132.09 3661.30   0.27   0.60  23.373  0.033  23.372  22.838     nan   4.392   0.752  45.550   4.654   0.687  47.419  10.653   0.674  51.394   0.000 0 0 0 0 0 1 
1236 72 144563  572.97 2952.76   0.09   0.14  22.763  0.026  22.763  22.616     nan   3.108   0.948  69.733   2.526   0.937  81.595   2.987   0.918  78.030   0.000 0 0 0 0 0 1 
1236 72  63516 1708.60 3846.12  -0.56  -0.37  22.658  0.023  22.658  22.073     nan   5.893   0.840 -52.884   6.605   0.775 -54.044  17.416   0.731 -56.316   0.000 0 0 0 0 0 1 
1236 72 165909  244.72 3985.70  -0.00  -0.10  22.433  0.023  22.433  22.085  22.403   3.698   0.944  67.505   3.516   0.944  62.528   6.066   0.949  49.521   0.000 0 0 0 0 0 1 
1236 72  94154 1590.73 4081.04   0.10  -0.10  21.524  0.020  21.523  21.280  21.519   3.289   0.977  15.482   2.972   0.954 -15.505   4.273   0.935 -25.808   0.000 0 0 0 0 0 1 
1236 72  93522 1888.30  781.11   0.48   1.53  22.342  0.023  22.341  22.117     nan   3.762   0.803  72.251   3.469   0.709  74.509   5.073   0.653  75.661   0.000 0 0 0 0 0 1 
1236 72  61282  546.49 1904.91   0.03  -0.26  21.367  0.020  21.800  20.980  21.677   6.086   0.924  -9.404   7.506   0.919  -7.066  24.236   0.926  -7.888   0.612 0 0 0 0 0 1 
1236 72 134022 1712.31 2718.77   0.40  -0.42  22.588  0.023  22.588  22.059  22.601   4.847   0.861  32.316   5.441   0.774  25.807  13.169   0.686  23.351   0.000 0 0 0 1062025153218071 0 1 
1236 72 200428  696.00  598.32  -0.15  -0.07  21.098  0.020  21.097  20.347  21.135   5.716   0.972  28.143   6.804   0.959   4.921  21.060   0.931  -3.168   0.000 0 0 0 0 0 1 
1236 72   7402 1698.11 1407.26  -0.09  -0.18  22.168  0.021  22.190  21.448  22.154   5.832   0.887  14.185   6.928   0.869  15.722  20.905   0.861  14.771   0.040 0 0 0 1062025153217318 0 1 
1236 72  68321  562.39   65.86  -0.20  -0.10  22.663  0.026  22.662  22.496     nan   3.393   0.863  68.213   2.873   0.799  73.436   3.642   0.736  77.124   0.000 0 0 0 0 0 1 
1236 72  19879  708.50 3703.48   0.01   0.47     nan    nan     nan     nan     nan     nan     nan     nan     nan     nan     nan     nan     nan     nan     nan 0 0 0 0 0 1 
1236 72 135073  661.27 2909.14   1.79   0.25     nan    nan     nan     nan     nan   3.354   0.818  41.085     nan     nan     nan     nan     nan     nan     nan 0 0 0 0 0 1 
1236 72  74040  151.79 2717.47  -0.07  -0.17  21.738  0.021  21.737  21.482  21.707   3.325   0.987  55.279   3.026   0.966 -76.010   4.595   0.897 -82.882   0.000 0 0 0 0 2 1 
1236 72 150591 1144.82 1986.66   0.11  -0.58  22.826  0.024  22.826  22.199  22.830   6.240   0.799 -76.575   7.032   0.761 -75.650  18.687   0.764 -76.671   0.000 0 0 0 0 0 1 
1236 72 175541  140.94   61.62  -1.00  -1.00  -1.000 -1.000  -1.000  -1.000  -1.000  -1.000  -1.000  -1.000  -1.000  -1.000  -1.000  -1.000  -1.000  -1.000  -1.000 -1 -1 -1 -1 -1 -1 
1236 72  52117 1630.49  331.75  -0.00   0.40  21.820  0.020  21.927  21.163  21.569   5.384   0.946 -56.288   6.382   0.937 -56.164  19.486   0.937 -55.281   0.183 0 0 0 0 0 1 
1236 72  66640 1415.70 4057.09  -0.04  -0.65  22.614  0.022  22.639  21.782     nan   6.127   0.913 -65.425   7.599   0.902 -64.813  26.081   0.900 -63.348   0.041 0 0 0 0 0 1 
1236 72  81304 1229.65 1574.85   0.14  -0.24  20.856  0.019  20.856  19.959  20.831   7.780   0.924 -12.359   9.989   0.908 -16.002  36.651   0.894 -19.914   0.000 0 0 0 0 0 1 
1236 72 199178  597.37 1351.16   0.57  -0.28  22.288  0.022  22.599  21.903  22.528   5.780   0.751  72.183   6.757   0.720  70.036  18.639   0.738  66.771   0.519 0 0 0 0 0 1 
