# Visit  CCD  FakeID  FakeX  FakeY   DiffX   DiffY   CmodMag   CmodErr  ExpMag  DevMag  KronMag  SdssR  SdssBa  SdssPa  ExpR  ExpBa  ExpPa  DevR  DevBa  DevPa  fracDev  SdssMiter ExpMiter DevMiter parentID  nChild  extended
1236 33  38878 1540.17 3008.05  -0.08   0.03  21.648  0.020  21.883  21.473  21.766   3.801   0.899   0.459   4.000   0.855   1.496   7.603   0.835 -10.170   0.607 0 0 0 1061857649493779 0 1 
1236 33 138900  933.55 1861.70   0.37  -0.09  22.063  0.021  22.062  21.310  22.054   5.603   0.865 -36.515   6.652   0.826 -34.739  20.422   0.807 -31.937   0.000 0 0 0 0 0 1 
1236 33  67627 1429.50 1951.78  -0.08  -0.02  22.171  0.021  22.387  21.884  22.097   4.044   0.896 -86.848   4.432   0.846 -77.991   9.859   0.797 -69.642   0.476 0 0 0 0 0 1 
1236 33 181461 1782.68 4071.28  -1.00  -1.00  -1.000 -1.000  -1.000  -1.000  -1.000  -1.000  -1.000  -1.000  -1.000  -1.000  -1.000  -1.000  -1.000  -1.000  -1.000 -1 -1 -1 -1 -1 -1 
1236 33 136054 1495.16 2466.12   0.02  -0.10  20.828  0.020  20.881  20.474  20.855   3.922   0.994 -15.660   4.113   0.973 -40.869   7.920   0.953 -41.749   0.146 0 0 0 1061857649493469 0 1 
1236 33  46379  136.61 1280.62  -0.10  -0.06  22.028  0.021  22.031  21.736  22.011   3.434   0.975 -58.863   3.273   0.938 -53.795   5.265   0.894 -47.715   0.007 0 0 0 0 0 1 
1236 33 184172 1479.60 1345.86  -0.24   0.05  22.544  0.023  22.613  22.228  22.648   3.616   0.974  85.002   3.578   0.954  71.350   6.489   0.963  79.709   0.199 0 0 0 1061857649492739 0 1 
1236 33 128111  430.70 3175.73  -0.82  -0.08  23.409  0.034  23.408  23.213     nan   3.807   0.698 -84.225   3.624   0.518 -82.906   5.315   0.402 -81.797   0.000 0 0 0 1061857649493859 0 1 
1236 33 201000  685.42  466.85   0.01  -0.13     nan    nan     nan     nan     nan   2.966   0.957  82.087     nan     nan     nan     nan     nan     nan     nan 0 0 0 0 0 1 
1236 33 114097  465.45  600.96  -0.12  -0.14  22.808  0.025  22.808  22.367     nan   4.059   0.955  63.580   4.106   0.928  75.563   8.519   0.884  85.723   0.000 0 0 0 0 0 1 
1236 33 158600  403.61 1119.32  -0.10  -0.14  22.694  0.024  22.694  22.307  22.655   4.059   0.869 -31.534   4.194   0.787 -27.926   8.162   0.712 -24.945   0.000 0 0 0 0 0 1 
1236 33  19851  288.76 2177.34  -0.17  -0.10  19.691  0.019  19.708  19.063  19.691   5.826   0.977 -26.539   7.133   0.972 -27.022  19.565   0.958 -25.771   0.034 0 0 0 0 0 1 
1236 33  47773  774.36 3190.33  -0.54  -0.46  23.668  0.037  23.667  23.052     nan   4.821   0.751  54.843   5.317   0.674  55.014  14.275   0.622  56.179   0.000 0 0 0 0 0 1 
1236 33 184255 1185.81 1234.36  -0.23  -0.17  21.789  0.020  21.789  21.075  21.851   5.541   0.905 -33.853   6.470   0.890 -40.920  18.977   0.873 -48.159   0.000 0 0 0 0 0 1 
1236 33  95536  656.85 1266.85  -0.29  -0.09  21.723  0.020  21.817  21.354  21.774   4.000   0.971 -14.083   4.245   0.952 -20.244   8.875   0.929 -25.101   0.231 0 0 0 0 0 1 
1236 33 108555 1098.15  346.54   0.75   0.43  21.503  0.020  21.506  21.096  21.490   4.140   0.904  23.423   4.345   0.869  23.646   8.510   0.841  22.182   0.009 0 0 0 0 0 1 
1236 33  79922  571.39 3240.51  -0.06  -0.02  21.415  0.020  21.414  21.082  21.457   3.767   0.971  63.471   3.729   0.971  68.761   6.343   0.971  84.482   0.000 0 0 0 0 0 1 
1236 33 194071  609.76 2865.65  -0.15  -0.03  22.986  0.028  22.985  22.982     nan   2.895   0.930   8.166   2.286   0.835   3.424   2.041   0.704   3.483   0.000 0 0 0 0 0 1 
1236 33 134368 1454.87 1049.42  -0.05  -0.03  21.000  0.020  21.077  20.750  21.018   3.535   0.993 -14.728   3.425   0.988 -42.962   5.744   0.965 -50.315   0.254 0 0 0 0 2 1 
1236 33  71791 2007.96  988.01  -0.96  -0.01  22.945  0.027  22.945  22.559  22.899   3.756   0.933 -77.233   3.680   0.884 -70.106   6.863   0.862 -58.816   0.000 0 0 0 0 0 1 
1236 33 120800  860.21 1535.21   0.04   0.14  21.737  0.020  21.736  21.332  23.020   4.063   0.946  64.327   4.154   0.926  72.239   8.062   0.904  82.607   0.000 0 0 0 0 0 1 
1236 33 189642 1903.56   23.41   1.44   0.59     nan    nan     nan     nan  23.138   3.758   0.900  52.041     nan     nan     nan     nan     nan     nan     nan 0 0 0 1061857649491985 0 1 
1236 33 113770  423.33 2255.39  -0.42   0.01  22.401  0.022  22.514  22.077  22.420   3.895   0.954 -14.177   4.093   0.895 -11.837   8.365   0.836  -8.506   0.289 0 0 0 1061857649493303 0 1 
1236 33 162496  931.44  820.74   0.29  -0.33  21.549  0.020  21.563  20.535  21.216  10.449   0.732  61.017  13.882   0.706  60.826  58.289   0.690  56.865   0.021 0 0 0 0 0 1 
1236 33  20814 1178.36 3889.18  -0.07   0.06  22.783  0.024  22.820  22.232  22.774   4.974   0.787 -75.700   5.541   0.717 -71.014  14.186   0.652 -66.807   0.081 0 0 0 0 0 1 
1236 33 102927 1786.95  714.26   0.65  -0.02  22.363  0.022  22.363  21.697  22.344   4.853   0.931 -43.159   5.613   0.883 -40.106  15.705   0.833 -39.848   0.000 0 0 0 0 0 1 
1236 33  78016  802.11  153.97  -1.00  -1.00  -1.000 -1.000  -1.000  -1.000  -1.000  -1.000  -1.000  -1.000  -1.000  -1.000  -1.000  -1.000  -1.000  -1.000  -1.000 -1 -1 -1 -1 -1 -1 
1236 33  20502  790.07 3948.70   0.10  -0.20  21.557  0.020  21.554  20.925  21.532   4.963   0.983 -27.438   5.800   0.958 -35.185  15.482   0.939 -22.143   0.000 0 0 0 1061857649494272 0 1 
1236 33  98274 1535.82 1624.60   0.00  -0.08  23.027  0.028  23.027  22.758  23.020   3.452   0.932  55.558   3.165   0.874  65.835   4.932   0.808  73.388   0.000 0 0 0 0 0 1 
1236 33 199937 1649.02 1793.19  -0.03  -0.10  20.223  0.019  20.341  19.746  20.293   5.188   0.976 -82.653   6.182   0.957  88.340  15.641   0.947 -88.365   0.235 0 0 0 0 0 1 
1236 33 190506 1416.27 3833.92  -0.08  -0.11  21.051  0.019  21.049  20.436  21.030   5.035   0.982 -77.338   5.862   0.972 -83.582  15.244   0.965 -88.304   0.000 0 0 0 0 0 1 
1236 33  46376 1486.99  880.51  -0.10  -0.01  22.984  0.027  22.984  22.641     nan   3.879   0.810  29.784   3.888   0.693  31.813   6.990   0.628  33.136   0.000 0 0 0 0 0 1 
1236 33 185508  175.47 2901.70  -0.02  -0.23  22.854  0.025  22.853  22.437     nan   4.060   0.866 -40.438   4.105   0.811 -39.693   7.973   0.797 -41.009   0.000 0 0 0 0 0 1 
1236 33  49970  404.96 3737.61   0.17   0.01  21.359  0.019  21.536  21.006  21.426   4.291   0.947  22.715   4.800   0.932  23.961  10.935   0.929  21.818   0.382 0 0 0 0 0 1 
1236 33  20319  973.37 3190.15  -0.09  -0.11  21.852  0.020  21.850  21.544  21.862   3.657   0.941  11.336   3.512   0.930   5.624   5.667   0.940 -11.844   0.000 0 0 0 0 0 1 
1236 33  62649  161.59  317.75   0.02   0.07  21.419  0.020  21.426  20.791  21.414   4.933   0.974 -50.854   5.723   0.964 -49.545  15.199   0.953 -46.246   0.013 0 0 0 0 0 1 
1236 33  72360  122.71 3498.45  -1.15  -0.06  22.435  0.022  22.641  22.008  22.467   5.729   0.722 -15.733   6.703   0.667 -19.975  17.991   0.628 -23.690   0.382 0 0 0 1061857649494035 0 1 
1236 33 118862 1892.52  544.71  -0.06   0.36  22.729  0.024  22.785  22.283  22.829   4.275   0.881 -48.207   4.627   0.799 -48.524  10.477   0.733 -47.718   0.131 0 0 0 0 0 1 
1236 33 145219  597.72 3147.24   1.00   0.77  22.225  0.022  22.282  21.983  22.305   3.913   0.777 -46.957   4.117   0.645 -47.300   6.884   0.573 -47.283   0.205 0 0 0 1061857649493840 0 1 
1236 33   1633 1624.04 1609.93  -0.11  -0.37  22.144  0.021  22.144  21.338  22.124   5.700   0.902  83.748   7.242   0.815  89.589  24.309   0.749 -86.800   0.000 0 0 0 0 0 1 
1236 33 157351  741.69 3491.53  -0.03  -0.32  22.226  0.021  22.224  21.623  22.236   4.935   0.882 -57.767   5.666   0.838 -63.788  14.651   0.805 -70.446   0.000 0 0 0 1061857649494008 0 1 
1236 33 162352 1732.91 2899.03  -0.67  -0.98     nan    nan     nan     nan     nan   3.543   0.887  49.970     nan     nan     nan     nan     nan     nan     nan 0 0 0 0 2 1 
1236 33  79028  361.28 3137.89  -0.64   0.61     nan    nan     nan     nan     nan   3.165   0.849  -7.035     nan     nan     nan     nan     nan     nan     nan 0 0 0 0 0 1 
1236 33  74040 1724.68 3311.90  -0.02  -0.16  21.177  0.020  21.440  21.017  21.313   3.704   0.963   6.480   3.814   0.964  33.191   7.293   0.962  50.868   0.654 0 0 0 1061857649493933 0 1 
1236 33  11596  377.44 2158.47   0.08  -0.29  23.100  0.030  23.100  22.925     nan   3.196   0.893  13.729   2.743   0.812  12.056   3.548   0.741   9.206   0.000 0 0 0 0 0 1 
1236 33 106304  589.26 1526.20  -1.00  -1.00  -1.000 -1.000  -1.000  -1.000  -1.000  -1.000  -1.000  -1.000  -1.000  -1.000  -1.000  -1.000  -1.000  -1.000  -1.000 -1 -1 -1 -1 -1 -1 
1236 33 131150 1506.96 1190.96  -1.00  -1.00  -1.000 -1.000  -1.000  -1.000  -1.000  -1.000  -1.000  -1.000  -1.000  -1.000  -1.000  -1.000  -1.000  -1.000  -1.000 -1 -1 -1 -1 -1 -1 
1236 33 117273  851.70  965.39  -0.20   0.33  23.399  0.036  23.845  23.353  23.435   2.734   0.892  71.155   2.213   0.765  80.598   4.982   0.731  87.180   0.917 0 0 0 1061857649492523 0 1 
1236 33  52117 1126.39 1352.96  -0.29   0.05  21.922  0.021  22.180  21.528  22.142   4.974   0.878 -63.301   5.919   0.818 -64.975  16.124   0.781 -66.963   0.460 0 0 0 1061857649492744 0 1 
1236 33 135418 1172.17 2594.64  -0.12  -0.08  21.113  0.020  21.267  20.794  21.187   4.131   0.979  61.077   4.460   0.973  75.934   9.325   0.980 -78.796   0.363 0 0 0 0 0 1 
