# Visit  CCD  FakeID  FakeX  FakeY   DiffX   DiffY   CmodMag   CmodErr  ExpMag  DevMag  KronMag  SdssR  SdssBa  SdssPa  ExpR  ExpBa  ExpPa  DevR  DevBa  DevPa  fracDev  parentID  nChild  extended
1236 66  91901  358.00 1927.93   0.44  -0.30  22.524  0.026  22.883  22.493  22.691   5.242   0.543   9.229   5.964   0.381   9.262  11.731   0.304   9.215   0.929 0 0 1 
1236 66 191114  761.90 1254.11   0.35  -0.28  22.305  0.025  22.305  21.785  22.776   6.164   0.555 -59.248   7.197   0.444 -60.043  17.542   0.374 -61.071   0.000 0 0 1 
1236 66  38878  180.47  944.51   0.05   0.11  21.852  0.024  22.005  21.567  21.921   3.887   0.913  64.692   4.097   0.867  67.097   8.106   0.863  67.227   0.385 1061999383413314 0 1 
1236 66  33967 1540.10 3113.59   0.83   0.01  22.130  0.024  22.246  21.755  22.214   4.499   0.776  21.733   5.083   0.678  20.601  11.437   0.613  19.639   0.272 0 0 1 
1236 66 200348 1000.38 3725.72   0.05  -0.10  19.802  0.023  20.158  19.645  20.017   5.986   0.603 -59.035   7.763   0.501 -59.276  18.011   0.448 -58.974   0.727 0 0 1 
1236 66 173671  204.25 2742.26   0.62  -0.22  22.546  0.026  22.558  22.138  22.587   4.584   0.689 -53.560   5.007   0.558 -53.362  10.352   0.477 -53.220   0.033 0 0 1 
1236 66  24717 1852.99 3892.96  -0.15  -0.08  21.200  0.023  21.531  21.200  21.352   3.523   0.828 -23.832   3.700   0.701 -23.098   6.173   0.649 -22.546   1.000 0 0 1 
1236 66  63178 1526.54 1495.88   0.29  -0.12  22.219  0.024  22.218  21.730     nan   5.236   0.666 -33.217   5.925   0.554 -33.514  13.583   0.485 -34.224   0.000 0 0 1 
1236 66  57875 2018.45  382.73  -0.45   0.27  22.923  0.030  22.922  22.655     nan   3.394   0.845  12.080   3.188   0.729   4.926   4.895   0.674  -1.143   0.000 0 0 1 
1236 66 189852 1574.35 2129.72  -0.08  -0.53  22.450  0.025  22.757  22.200  22.549   4.783   0.713  25.924   5.624   0.597  26.265  13.763   0.532  26.236   0.606 0 0 1 
1236 66 144597 1925.55 2320.12  -0.14  -0.04  21.935  0.024  22.243  21.853  22.150   3.501   0.768 -12.576   3.596   0.558 -13.973   6.434   0.570 -19.676   0.811 0 2 1 
1236 66 140704  543.92 2054.82  -0.01  -0.18  21.458  0.023  21.538  20.858  21.525   5.873   0.759  82.663   7.103   0.699  83.914  20.448   0.650  85.130   0.149 0 0 1 
1236 66 104577 1255.51 1274.96   0.34  -0.27  23.157  0.031  23.157  22.675     nan   4.643   0.765 -37.221   5.074   0.645 -38.326  11.530   0.556 -40.151   0.000 0 0 1 
1236 66 138052  446.77 3987.53   0.21  -0.33  22.122  0.024  22.121  21.465  22.183   5.145   0.863  18.177   6.059   0.791  19.348  17.019   0.728  22.834   0.000 0 2 1 
1236 66 191360 2011.96 3598.38   0.04  -0.38  20.539  0.022  21.083  20.432  20.874   4.855   0.825   1.221   6.168   0.777 -16.391  16.887   0.708 -27.277   0.867 0 2 1 
1236 66 111109 2008.91 3970.28   0.09  -0.28  22.311  0.025  22.575  22.117  22.465   4.210   0.817  69.157   4.534   0.748  67.975   9.302   0.725  67.466   0.618 0 0 1 
1236 66  92136 1718.22 4005.91   0.04   0.04  21.437  0.023  21.436  20.662     nan   7.758   0.639 -87.857   9.671   0.582 -87.595  31.708   0.540 -87.311   0.000 0 0 1 
1236 66 155178 1701.35 1354.54  -0.15   0.78  21.836  0.024  22.074  21.746  21.961   3.639   0.792  41.786   3.802   0.646  41.806   6.565   0.563  41.071   0.743 1061999383413589 0 1 
1236 66 166142  753.47 1710.70   0.18   0.13  22.907  0.028  23.018  22.416  24.369   4.836   0.822  27.824   5.409   0.766  30.492  13.805   0.722  33.860   0.224 1061999383413852 0 1 
1236 66  89463 1947.96 2165.22  -0.04  -0.04  20.502  0.023  20.715  20.146  20.650   5.264   0.823  21.382   6.324   0.776  21.961  15.488   0.751  22.572   0.423 1061999383414183 0 1 
1236 66 147205  639.52 1940.01  -0.13  -0.30  22.044  0.024  22.220  21.699  22.144   4.807   0.721  34.138   5.508   0.637  36.769  12.774   0.587  39.083   0.382 0 0 1 
1236 66 113770 1547.48  925.75  -0.20  -0.18  22.747  0.028  22.747  22.433  24.261   3.670   0.908  63.147   3.460   0.882  63.912   5.739   0.863  74.897   0.000 0 0 1 
1236 66  55301 1702.07 2081.21   0.05   0.02  21.088  0.023  21.241  20.809  21.180   4.094   0.968  -3.919   4.426   0.945  -5.423   8.784   0.937  -7.821   0.385 1061999383414125 0 1 
1236 66 150481 1421.48 2713.54  -1.00  -1.00   0.000  0.000   0.000   0.000   0.000   0.000   0.000   0.000   0.000   0.000   0.000   0.000   0.000   0.000   0.000 -1 -1 -1 
1236 66 101478 1954.46 3434.00   0.50   0.71  21.405  0.023  21.404  20.705  21.432   7.430   0.537  77.904   9.378   0.448  78.011  29.147   0.383  77.646   0.000 1061999383415059 0 1 
1236 66 134040 1556.97 3707.13  -0.04  -0.09  21.481  0.023  21.722  21.358  21.605   3.916   0.793  15.824   4.290   0.656  14.263   7.853   0.586  12.456   0.686 0 0 1 
1236 66  81567  450.86 1300.27  -0.08  -0.09  21.065  0.023  21.342  20.949  21.207   3.744   0.939  43.049   4.027   0.888  45.186   7.392   0.872  45.743   0.727 0 0 1 
1236 66 112019 1579.20 1968.46   0.03  -0.15  21.660  0.023  21.659  21.155  21.666   4.842   0.830  22.248   5.483   0.750  20.924  12.730   0.684  19.652   0.000 0 0 1 
1236 66  13208  336.52 3371.75  -0.01  -0.09  19.995  0.023  20.249  19.965  20.084   3.273   0.875  49.385   3.293   0.773  48.471   4.941   0.749  48.919   0.896 0 0 1 
1236 66 118814  203.59 1302.32  -0.21   0.01  21.972  0.024  21.972  21.414  21.963   5.257   0.769  44.833   6.124   0.692  47.407  15.209   0.646  50.526   0.000 1061999383413542 0 1 
1236 66  85915 1917.96 1977.86  -0.05   0.04  21.790  0.023  22.443  21.790  21.957   3.379   0.901  63.583   3.571   0.822  76.204  11.083   0.535 -82.740   1.000 0 2 1 
1236 66  85606 1577.54 2342.31   0.03  -0.02  21.134  0.023  21.299  21.020  21.211   3.532   0.812 -43.095   3.585   0.656 -42.653   5.669   0.574 -42.682   0.603 1061999383414299 0 1 
1236 66  45784 1551.23 3568.24  -1.00  -1.00   0.000  0.000   0.000   0.000   0.000   0.000   0.000   0.000   0.000   0.000   0.000   0.000   0.000   0.000   0.000 -1 -1 -1 
1236 66 141699   56.53 3472.48   0.06  -0.00  21.140  0.023  21.145  20.728  21.118   4.977   0.650  38.922   5.704   0.522  38.554  11.849   0.450  38.257   0.015 0 0 1 
1236 66 148855 1452.11 1721.26  -0.03   0.09  21.638  0.023  21.838  21.516  21.747   3.573   0.895 -39.410   3.584   0.846 -39.785   5.830   0.841 -42.588   0.637 0 0 1 
1236 66  28257 1929.27 1796.96  -0.09  -0.32  20.146  0.023  20.641  20.147  20.422   5.209   0.637  49.764   7.306   0.487  49.992  16.020   0.435  49.660   1.000 1061999383413906 0 1 
1236 66  76835   47.41 1617.75   0.18  -0.05  22.767  0.028  22.830  22.481  22.796   4.774   0.550 -78.244   5.239   0.365 -77.708   9.831   0.287 -76.757   0.197 0 0 1 
1236 66  91975  685.97 3697.27  -0.31  -0.15  22.560  0.026  22.890  22.383  22.699   4.845   0.647  82.015   5.714   0.500  81.599  13.260   0.427  80.769   0.692 1061999383415198 0 1 
1236 66  82435 1006.56 1245.15  -0.01  -0.06  21.262  0.023  21.262  20.923  21.254   3.706   0.987  47.045   3.646   0.988  24.794   6.284   0.987   0.462   0.000 0 0 1 
1236 66 119234 1068.34  328.28  -0.01  -0.07  20.701  0.023  20.729  20.413  20.690   4.161   0.718 -13.783   4.424   0.568 -14.112   7.617   0.503 -13.974   0.097 1061999383412940 0 1 
1236 66  53016 1787.28 3849.05  -0.02  -0.14  21.154  0.023  21.275  20.800  21.248   5.348   0.660  86.538   6.313   0.549  86.894  14.186   0.482  87.778   0.288 0 0 1 
1236 66 123018 1569.26  268.76  -0.12  -0.07  21.819  0.024  21.976  21.609  21.914   4.730   0.585  23.737   5.299   0.410  22.471  10.064   0.341  21.098   0.456 0 0 1 
1236 66 161647 2017.32  262.78  -0.32   0.22  20.001  0.023  20.517  19.662     nan   6.375   0.941  -3.422   8.796   0.915  43.623  30.150   0.899  43.080   0.684 0 3 1 
1236 66  38040  727.64 1089.22  -0.80  -1.22  22.798  0.028  22.798  22.418  25.164   4.487   0.684  50.887   4.767   0.546  51.692   9.240   0.469  53.140   0.000 0 0 1 
1236 66 162664 1805.64 2184.88  -0.04  -0.06  21.608  0.023  21.608  21.236  21.613   4.064   0.847 -84.857   4.170   0.790 -84.841   7.755   0.759 -86.615   0.000 0 0 1 
1236 66  17651 1516.67 2928.56  -0.17   0.11  22.933  0.031  23.119  22.934  22.926   2.620   0.912 -51.527   1.962   0.779 -46.849   2.266   0.873 -49.962   1.000 0 0 1 
1236 66  54671 1254.20 3602.62   0.36  -0.31  19.758  0.023  20.236  19.490  20.108   8.545   0.564 -48.133  11.546   0.517 -47.644  36.280   0.471 -47.594   0.704 1061999383415154 0 1 
1236 66  96098 1376.95 3972.26   0.01  -0.02  20.333  0.023  20.393  19.783  20.373   5.962   0.773  67.236   7.354   0.717  66.399  19.595   0.675  66.186   0.123 0 0 1 
1236 66 148856 1792.56   50.76   0.29  -0.10  22.480  0.026  22.639  22.277  22.628   3.625   0.924 -61.985   3.577   0.882 -66.350   6.305   0.858 -74.532   0.466 0 0 1 
1236 66  19285 1832.85 2862.85   0.02  -0.09  20.246  0.022  20.449  20.202  20.321   3.240   0.861 -23.191   3.187   0.722 -22.521   4.573   0.662 -22.140   0.825 0 0 1 
