# Visit  CCD  FakeID  FakeX  FakeY   DiffX   DiffY   CmodMag   CmodErr  ExpMag  DevMag  KronMag  SdssR  SdssBa  SdssPa  ExpR  ExpBa  ExpPa  DevR  DevBa  DevPa  fracDev  parentID  nChild  extended
1236 43  91901  358.00 1927.93  -0.17  -0.33  22.974  0.030  23.098  22.790  23.037   4.508   0.576   7.738   4.886   0.348   5.806   8.624   0.255   4.669   0.426 0 0 1 
1236 43 191114  761.90 1254.11   0.06   0.00  22.618  0.025  22.617  22.232     nan   4.814   0.608 -58.423   5.338   0.432 -57.412  10.884   0.329 -57.036   0.000 0 0 1 
1236 43  38878  180.47  944.51  -0.28  -0.21     nan    nan     nan     nan  22.321   3.437   0.927  48.080     nan     nan     nan     nan     nan     nan     nan 1061900599165397 0 1 
1236 43  33967 1540.10 3113.59  -0.12  -0.48     nan    nan     nan     nan  24.794   1.836   0.880  44.124     nan     nan     nan     nan     nan     nan     nan 1061900599166567 0 1 
1236 43 200348 1000.38 3725.72  -0.05  -0.08  19.788  0.021  20.141  19.627  20.011   6.061   0.624 -60.655   7.859   0.526 -60.047  18.276   0.470 -59.576   0.719 1061900599166905 0 1 
1236 43 173671  204.25 2742.26   0.23  -0.10  22.159  0.023  22.439  21.953  22.364   4.678   0.669 -55.640   5.306   0.533 -55.320  11.558   0.493 -54.455   0.621 1061900599166332 0 1 
1236 43  24717 1852.99 3892.96   0.24  -0.15  20.897  0.020  21.332  20.898  21.054   4.184   0.715 -30.399   5.091   0.536 -30.287   9.745   0.528 -31.773   1.000 0 2 1 
1236 43  63178 1526.54 1495.88  -0.13   0.06     nan    nan     nan     nan  22.001   5.584   0.682 -24.515     nan     nan     nan     nan     nan     nan     nan 1061900599165714 0 1 
1236 43  57875 2018.45  382.73   0.55  -0.73  21.916  0.021  22.208  21.593     nan   4.928   0.828 -13.317   5.609   0.818 -17.653  14.348   0.794 -19.528   0.536 0 0 1 
1236 43 189852 1574.35 2129.72   0.32   0.05  22.937  0.029  23.009  22.558  23.086   4.142   0.827  24.300   4.219   0.785  20.790   8.539   0.772  19.054   0.184 0 0 1 
1236 43 144597 1925.55 2320.12   0.63   0.14  22.088  0.023  22.087  21.829  23.396   3.838   0.750   4.771   3.852   0.581   2.300   6.007   0.506   1.573   0.000 0 0 1 
1236 43 140704  543.92 2054.82  -0.09  -0.38  20.710  0.021  21.511  20.711  21.240   5.515   0.761  88.090   7.117   0.725 -83.369  22.182   0.719 -69.639   1.000 0 2 1 
1236 43 104577 1255.51 1274.96  -0.33  -0.08     nan    nan     nan     nan     nan   3.190   0.805 -43.859     nan     nan     nan     nan     nan     nan     nan 0 0 1 
1236 43 138052  446.77 3987.53   0.08  -0.11  22.257  0.023  22.257  21.678  22.259   5.260   0.732  35.983   6.011   0.639  34.432  15.817   0.547  33.236   0.000 0 0 1 
1236 43 191360 2011.96 3598.38   1.04  -0.38     nan    nan     nan     nan  21.576   4.189   0.826  -1.057     nan     nan     nan     nan     nan     nan     nan 1061900599166795 0 1 
1236 43 111109 2008.91 3970.28  -0.91  -0.28  21.661  0.021  22.564  21.617  22.238   4.068   0.857  62.870   5.128   0.708  63.019  25.887   0.338  59.778   0.966 0 3 1 
1236 43  92136 1718.22 4005.91   0.04  -0.32  21.379  0.021  21.378  20.568     nan   8.092   0.596  88.450  10.332   0.540  88.851  34.929   0.505  88.751   0.000 0 0 1 
1236 43 155178 1701.35 1354.54  -0.04  -0.11  21.885  0.022  21.885  21.608  21.899   3.507   0.966  43.809   3.207   0.980  19.006   5.044   0.940   0.335   0.000 0 0 1 
1236 43 166142  753.47 1710.70  -0.31   0.05  23.017  0.030  23.157  22.751  22.946   4.175   0.798  -4.949   4.233   0.725  -6.883   8.119   0.688  -4.252   0.377 1061900599165772 0 1 
1236 43  89463 1947.96 2165.22  -0.07  -0.03  20.413  0.021  20.698  20.093  20.588   5.424   0.808  24.232   6.657   0.756  21.701  17.178   0.720  19.825   0.527 0 0 1 
1236 43 147205  639.52 1940.01  -0.15   0.05  22.054  0.023  22.338  21.853  22.128   4.144   0.848  24.584   4.484   0.802  22.381   9.480   0.788  18.365   0.628 0 0 1 
1236 43 113770 1547.48  925.75  -0.15  -0.09  22.654  0.026  22.759  22.406  22.691   3.502   0.916 -86.886   3.451   0.843 -73.351   6.146   0.776 -67.418   0.323 0 0 1 
1236 43  55301 1702.07 2081.21   0.03  -0.01  21.040  0.021  21.265  20.812  21.164   4.172   0.926  37.532   4.490   0.912  39.831   9.029   0.919  41.077   0.533 0 0 1 
1236 43 150481 1421.48 2713.54  -0.12   0.04  20.858  0.021  20.988  20.267  20.958   8.434   0.504 -85.991  10.837   0.437 -85.880  33.617   0.390 -86.274   0.227 1061900599166314 0 1 
1236 43 101478 1954.46 3434.00   0.10  -0.32  21.501  0.021  21.500  20.810  21.512   6.957   0.604  84.901   8.548   0.523  85.467  25.830   0.459  85.860   0.000 0 0 1 
1236 43 134040 1556.97 3707.13  -0.02  -0.10  21.561  0.021  21.759  21.396  21.654   4.025   0.791   8.383   4.362   0.661   5.469   7.937   0.601   3.456   0.572 0 0 1 
1236 43  81567  450.86 1300.27  -0.03  -0.04  21.142  0.021  21.352  20.963  21.242   3.772   0.970  58.437   3.891   0.972  55.288   7.004   0.994  60.705   0.568 0 0 1 
1236 43 112019 1579.20 1968.46  -0.01   0.13  21.702  0.021  21.701  21.155  21.723   5.345   0.758  22.489   6.096   0.685  21.968  15.031   0.624  22.105   0.000 0 0 1 
1236 43  13208  336.52 3371.75   0.01  -0.10  20.032  0.021  20.241  19.976  20.107   3.333   0.870  51.234   3.258   0.792  48.410   4.695   0.782  47.944   0.795 1061900599166690 0 1 
1236 43 118814  203.59 1302.32   0.25   0.09     nan    nan     nan     nan     nan   3.248   0.802  47.379     nan     nan     nan     nan     nan     nan     nan 0 0 1 
1236 43  85915 1917.96 1977.86  -0.01  -0.14  21.303  0.021  21.961  21.304  21.304   4.442   0.845  48.127   5.682   0.773  44.559  14.546   0.778  40.646   1.000 1061900599165972 0 1 
1236 43  85606 1577.54 2342.31  -0.06  -0.04  21.095  0.021  21.263  20.980  21.163   3.773   0.775 -49.663   3.909   0.606 -49.489   6.179   0.542 -50.127   0.608 0 0 1 
1236 43  45784 1551.23 3568.24   0.36   0.15  23.284  0.036  23.310  23.062     nan   3.330   0.978  83.481   2.970   0.941  11.002   4.395   0.873   7.263   0.112 0 0 1 
1236 43 141699   56.53 3472.48  -0.14   0.01  20.757  0.020  20.994  20.517  20.921   5.262   0.645  36.547   6.379   0.528  35.524  14.084   0.474  35.043   0.536 1061900599166764 0 1 
1236 43 148855 1452.11 1721.26  -0.12  -0.10  21.622  0.022  21.958  21.622  21.743   3.225   0.957 -72.756   3.122   0.864 -60.013   5.310   0.782 -53.113   1.000 0 0 1 
1236 43  28257 1929.27 1796.96  -0.18  -0.14  20.431  0.021  20.691  20.292  20.587   4.521   0.735  37.858   5.209   0.635  37.717   9.974   0.588  37.907   0.676 0 0 1 
1236 43  76835   47.41 1617.75   0.03  -0.00     nan    nan     nan     nan     nan   3.246   0.780  89.216     nan     nan     nan     nan     nan     nan     nan 1061900599165718 0 1 
1236 43  91975  685.97 3697.27   0.37   0.02  23.089  0.031  23.089  22.770  23.003   4.678   0.571 -78.080   4.963   0.396 -77.679   9.008   0.314 -76.302   0.000 1061900599166896 0 1 
1236 43  82435 1006.56 1245.15  -0.04  -0.05  21.118  0.021  21.218  20.797  21.161   3.822   0.981 -54.382   3.925   0.943 -34.658   7.976   0.852 -16.944   0.263 0 2 1 
1236 43 119234 1068.34  328.28  -0.05  -0.09  20.693  0.020  20.716  20.428  20.675   4.127   0.726 -12.790   4.351   0.567 -14.252   7.177   0.495 -15.233   0.086 0 2 1 
1236 43  53016 1787.28 3849.05   0.11  -0.09  21.101  0.021  21.280  20.767  21.223   5.624   0.616  81.458   6.768   0.515  79.957  15.898   0.456  79.538   0.390 0 2 1 
1236 43 123018 1569.26  268.76   0.08  -0.09  21.934  0.022  21.934  21.576  21.940   4.797   0.587  23.411   5.236   0.436  22.419   9.917   0.367  21.514   0.000 0 0 1 
1236 43 161647 2017.32  262.78  -0.32   0.22  20.320  0.020  20.542  19.733     nan   6.784   0.812 -21.612   8.710   0.774 -24.156  29.257   0.721 -24.836   0.344 0 0 1 
1236 43  38040  727.64 1089.22  -0.01  -0.00  22.964  0.030  22.964  22.715  22.939   3.711   0.861  67.253   3.525   0.790  69.373   5.361   0.721  66.531   0.000 1061900599165452 0 1 
1236 43 162664 1805.64 2184.88  -0.26  -0.82  21.352  0.021  21.460  21.023  21.355   4.128   0.789  87.165   4.474   0.704  89.327   8.995   0.681 -89.334   0.278 0 0 1 
1236 43  17651 1516.67 2928.56   0.08  -0.37     nan    nan     nan     nan  23.235   2.605   0.883  48.229     nan     nan     nan     nan     nan     nan     nan 1061900599166567 0 1 
1236 43  54671 1254.20 3602.62   0.33  -0.76  19.778  0.021  20.170  19.408  20.057   9.651   0.503 -49.431  12.769   0.451 -49.091  41.177   0.407 -48.758   0.589 1061900599166809 0 1 
1236 43  96098 1376.95 3972.26   0.03  -0.11  20.274  0.020  20.399  19.775  20.349   6.021   0.758  70.130   7.344   0.714  69.796  19.626   0.683  69.537   0.241 0 0 1 
1236 43 148856 1792.56   50.76   0.09  -0.12  22.434  0.024  22.644  22.241  22.538   3.828   0.822 -76.654   4.027   0.714 -74.435   7.680   0.668 -74.242   0.556 1061900599164957 0 1 
1236 43  19285 1832.85 2862.85  -0.06  -0.07  20.211  0.021  20.450  20.184  20.303   3.271   0.871 -25.046   3.304   0.713 -26.385   4.926   0.648 -27.253   0.900 1061900599166378 0 1 
