# FakeX    FakeY    DiffX   DiffY   CmodMag   CmodErr  ExpMag  DevMag  KronMag  SdssR  SdssBa  SdssPa  ExpR  ExpBa  ExpPa  DevR  DevBa  DevPa  fracDev  Match  Deblend
  3706  392.40   -0.03  -0.03  20.10   0.020 20.393  20.096  20.204   3.427   0.794  26.777   3.577   0.635  24.514   5.584   0.583  23.973   1.000 1061900599165120 1
  1442  520.57    0.04   0.01  20.16   0.020 20.543  20.159  20.340   3.531   0.951  21.540   3.828   0.913  13.425   6.806   0.890   7.382   0.994 0 1
  1356 1859.99    0.43   0.05  24.35   0.084 24.373  24.320  23.521   3.696   0.512 -23.297   3.513   0.137 -21.678   3.501   0.137 -21.461   0.246 0 1
  2972 3595.60   -0.03   0.03  20.97   0.021 21.343  20.913  21.167   4.945   0.611  41.961   6.035   0.460  40.856  12.240   0.407  40.217   0.876 0 1
  2983 1531.70    0.01   0.04  20.54   0.021 20.819  20.538  20.596   3.248   0.719  20.680   3.226   0.451  18.034   5.026   0.387  16.070   1.000 1061900599165716 1
   349 3622.54    0.01  -0.12    nan     nan    nan     nan  21.191   4.393   0.753  19.823     nan     nan     nan     nan     nan     nan     nan 1061900599166843 1
  1217 3273.74    0.17  -0.08  20.83   0.021 21.355  20.831  21.086   3.325   0.944  31.696   3.339   0.927  29.126   7.758   0.798  55.286   1.000 0 1
  3290 3113.77    0.07  -0.12  20.95   0.021 21.376  20.923  21.167   4.328   0.791  18.200   5.067   0.690  17.433  10.347   0.648  16.430   0.942 0 1
  1214  122.51    0.75   0.38  23.82   0.051 24.082  23.631  23.839   4.124   0.506   0.021   4.262   0.162  -0.475   8.037   0.299   1.097   0.609 0 1
  3186 1058.59   -0.08  -0.06  22.76   0.027 22.997  22.718  22.900   3.838   0.696  48.896   3.921   0.508  48.495   6.301   0.414  47.623   0.843 0 1
  2776  731.47    0.03  -0.06  20.06   0.020 20.551  20.064  20.332   5.018   0.646  36.374   6.568   0.522  35.839  14.027   0.486  35.099   1.000 1061900599165255 1
  4704 1607.55   -0.26  -0.42  24.11   0.066 24.109  23.956     nan   3.698   0.566  29.173   3.713   0.169  33.399   4.716   0.135  35.479   0.000 0 1
  4839 1020.70   -0.08   0.16  23.50   0.040 23.500  23.181  23.251   4.266   0.614  17.084   4.245   0.431  15.743   7.283   0.388  14.785   0.000 0 1
  3671 2423.96    0.27   0.09  23.12   0.033 23.487  23.121     nan   4.305   0.676  71.295   4.385   0.563  71.211   7.780   0.510  70.274   1.000 1061900599166154 1
  2417 2462.32    0.38  -0.32  20.48   0.021 20.722  20.386  20.583   3.743   0.867 -23.203   3.847   0.791 -22.371   6.408   0.772 -22.550   0.726 0 1
   760 2571.32   -0.06  -0.03  21.32   0.021 21.610  21.279  21.427   3.592   0.808  26.537   3.674   0.674  24.847   6.114   0.636  23.064   0.891 0 1
  1866 1241.46   -0.00  -0.06  20.66   0.021 21.034  20.630  20.839   3.949   0.835  32.967   4.444   0.743  32.274   8.255   0.719  30.671   0.930 1061900599165531 1
  2722 3331.30    0.20  -0.25  23.86   0.057 23.938  23.756     nan   2.989   0.784  16.345   2.486   0.594   8.945   3.026   0.603  -2.364   0.440 0 1
  4081 2750.93   -0.06  -0.01  21.59   0.021 22.012  21.585  21.763   3.558   0.907  75.747   3.760   0.860  77.701   7.073   0.858  82.044   1.000 1061900599166331 1
  1725  658.85    0.13   0.03  22.69   0.026 23.032  22.606  22.982   4.505   0.620  28.792   4.896   0.489  28.782   9.754   0.438  29.805   0.826 0 1
  1853 3631.34    0.73  -0.20    nan     nan    nan     nan     nan   0.289   1.000   0.000     nan     nan     nan     nan     nan     nan     nan 0 1
   793 2158.94    0.57  -0.82    nan     nan    nan     nan  25.828   1.814   0.843  53.546     nan     nan     nan     nan     nan     nan     nan 1061900599166029 1
   933 1517.76    1.50   0.22    nan     nan    nan     nan     nan   2.769   0.660 -21.893     nan     nan     nan     nan     nan     nan     nan 1061900599165671 1
  1180 2091.37   -0.51  -0.13  24.05   0.067 24.130  24.051  24.007   2.926   0.646   8.441   2.374   0.136   7.268   2.306   0.137   7.372   1.000 1061900599165986 1
  3923 1641.23   -0.35  -0.61    nan     nan    nan     nan     nan   0.289   1.000   0.000     nan     nan     nan     nan     nan     nan     nan 0 1
  2736 2609.39   -0.24   0.05  21.88   0.022 22.440  21.876  22.154   5.099   0.696  34.246   6.211   0.586  31.865  14.963   0.529  28.657   1.000 0 1
  4768 3376.39   -0.17  -0.33  21.49   0.021 22.054  21.492  21.756   4.440   0.872   1.055   5.300   0.808   8.512  12.478   0.770  11.691   1.000 0 1
  1661 2289.30   -0.15   0.22    nan     nan    nan     nan     nan   2.676   0.928  65.529     nan     nan     nan     nan     nan     nan     nan 0 1
  3348  160.53   -0.10  -0.17  22.78   0.028 23.099  22.782  22.836   3.414   0.717  46.209   3.368   0.539  49.939   5.346   0.529  54.084   1.000 0 1
  1514 1199.63    0.13  -0.04  20.44   0.021 20.857  20.403  20.677   4.185   0.834  14.034   4.925   0.748  12.814  10.002   0.711   9.880   0.924 1061900599165499 1
  1133 3797.75   -0.05  -0.03  23.41   0.041 23.477  23.315  23.352   3.286   0.753   9.663   2.958   0.534   8.867   3.596   0.491   5.771   0.410 0 1
  4378  736.64   -0.12  -0.10  21.41   0.021 21.682  21.397  21.517   3.397   0.807  41.692   3.338   0.673  39.467   5.124   0.627  37.006   0.951 0 1
  1186 1797.25    0.39   0.90  24.34   0.080 24.332  24.304     nan   4.300   0.471 -13.767   4.266   0.137 -15.040   4.392   0.137 -15.093   0.000 0 1
  2702  786.05   -0.06  -0.31  22.76   0.027 23.041  22.682  22.952   3.906   0.858  12.035   3.887   0.791   7.449   6.679   0.788   0.868   0.788 0 1
  2765 2063.05    0.23   0.09  21.26   0.021 21.932  21.260  21.175   6.221   0.860 -37.294   7.830   0.839 -39.235  21.464   0.781 -40.298   1.000 1061900599166029 1
  3815 3145.06   -1.89   0.49  21.71   0.022 21.935  21.378  21.767   4.583   0.830  23.054   5.247   0.775  19.036  12.654   0.726  16.103   0.461 0 1
  1547 2974.07    0.11  -0.08  23.39   0.038 23.639  23.290  25.444   4.703   0.679  20.073   4.617   0.541  19.795   8.427   0.447  20.469   0.744 0 1
  4495 3634.98   -0.01   0.02  21.38   0.021 21.628  21.377  21.404   3.047   0.855  50.142   2.819   0.720  48.856   3.994   0.682  50.490   1.000 0 1
  1095 3231.22   -0.03  -0.12  20.11   0.021 20.646  20.107  20.374   4.632   0.817   9.257   6.041   0.723  10.582  13.848   0.678  10.529   1.000 0 1
   805 1265.50   -0.04  -0.09  20.14   0.021 20.599  20.137  20.366   4.079   0.875   1.977   4.995   0.799  -0.506  10.069   0.771  -2.873   1.000 1061900599165551 1
  4055  234.66   -0.07  -0.11  21.44   0.021 21.871  21.439  21.587   3.631   0.845  40.974   4.019   0.772  38.586   7.612   0.768  30.758   1.000 0 1
  3989  262.61    0.38  -0.18  23.08   0.030 23.186  22.724  23.220   4.307   0.768  34.783   4.697   0.639  27.119  10.343   0.533  22.986   0.267 0 1
  3824  771.87   -0.60  -1.14  24.13   0.062 24.133  23.705     nan   4.476   0.744 -51.754   4.318   0.689 -48.821   8.178   0.758 -36.861   0.000 0 1
  2182   53.95    0.02  -0.08  20.29   0.020 20.693  20.288  20.473   3.703   0.891  28.922   4.091   0.837  24.580   7.480   0.827  20.259   1.000 0 1
  2917 1662.10   -0.04  -0.12  20.85   0.021 21.148  20.831  20.969   3.498   0.837  42.397   3.543   0.734  41.852   5.696   0.704  43.802   0.935 0 1
   764 2443.81   -0.04   0.02  20.56   0.021 20.810  20.563  20.622   3.300   0.758  45.757   3.319   0.554  44.555   4.746   0.500  43.292   1.000 0 1
  3091 3706.76   -0.09  -0.08  21.23   0.021 21.380  21.217  21.256   2.968   0.809   9.750   2.642   0.573   4.300   3.200   0.505   3.694   0.907 0 1
  3904 3825.32   -0.03  -0.09  20.12   0.021 20.358  20.123  20.192   3.117   0.824  47.463   2.886   0.684  44.082   3.940   0.650  41.174   1.000 0 1
  3500 1034.59    0.00  -0.04  20.93   0.021 21.102  20.913  20.968   2.764   0.968  13.351   2.247   0.894  -5.002   2.802   0.851  -8.933   0.883 0 1
  2331 2597.03   -0.09  -0.08  20.25   0.021 20.685  20.254  20.451   4.347   0.716   6.358   5.308   0.566   5.001  10.535   0.509   3.168   1.000 0 1
