# FakeID   FakeX    FakeY    DiffX   DiffY   CmodMag   CmodErr  ExpMag  DevMag  KronMag  SdssR  SdssBa  SdssPa  ExpR  ExpBa  ExpPa  DevR  DevBa  DevPa  fracDev  parentID  extended
  3706  728.48  392.40  -0.00  -0.07  20.129  0.022  20.412  20.126  20.244   3.388   0.804  22.768   3.518   0.648  21.741   5.386   0.595  21.046   0.990 0 1
  1442   82.19  520.57   0.02  -0.09  20.176  0.022  20.545  20.158  20.356   3.535   0.956  17.259   3.806   0.929  15.657   6.784   0.912   7.603   0.958 0 1
  1356 1833.86 1859.99   0.30  -0.31  24.069  0.057  24.274  23.928     nan   5.363   0.415  37.740   5.649   0.208  39.744  10.395   0.159  42.423   0.625 0 1
  2972 1604.04 3595.60   0.08  -0.00  20.769  0.022  21.239  20.765  21.024   5.159   0.619  40.949   6.526   0.488  40.908  13.813   0.451  39.992   0.990 0 1
  2983 1085.95 1531.70   0.02  -0.01  20.357  0.022  20.585  20.346  20.438   3.524   0.706  19.439   3.670   0.489  18.627   5.255   0.426  17.783   0.953 1061896304198512 1
   349  488.24 3622.54  -0.10  -0.12  20.916  0.022  21.319  20.887  21.109   4.358   0.722  21.101   5.076   0.596  19.994   9.997   0.564  19.045   0.940 0 1
  1217 1635.13 3273.74  -0.00  -0.07  21.220  0.023  21.495  21.212  21.323   3.192   0.908  13.254   3.000   0.840   8.065   4.485   0.816   3.902   0.973 1061896304199576 1
  3290 1094.41 3113.77  -0.08  -0.01  20.769  0.022  21.282  20.769  21.034   4.676   0.745   7.522   5.755   0.648   7.208  12.642   0.620   6.301   1.000 0 1
  1214  596.32  122.51  -0.45  -0.03  23.448  0.037  23.789  23.449  23.776   4.318   0.515  -0.974   4.524   0.272  -1.033   7.794   0.254  -0.455   1.000 0 1
  3186  277.20 1058.59  -0.13  -0.10  23.129  0.032  23.243  23.059  23.162   3.219   0.718  35.603   2.861   0.477  34.108   3.577   0.459  33.347   0.627 0 1
  2776 1327.55  731.47   0.09   0.16     nan    nan     nan     nan  20.434   4.660   0.706  32.987     nan     nan     nan     nan     nan     nan     nan 1061896304198066 1
  4704 1822.09 1607.55  -0.27  -0.33  23.853  0.052  24.066  23.854  23.596   3.544   0.625  44.214   3.400   0.345  45.120   4.696   0.269  45.119   1.000 0 1
  4839  576.41 1020.70   0.43  -0.16  23.151  0.032  23.306  23.024  23.203   3.828   0.657  23.778   3.932   0.447  23.383   6.348   0.371  22.970   0.570 0 1
  3671 1985.71 2423.96   0.30  -0.13  23.021  0.030  23.573  23.022  23.123   3.700   0.691  -3.486   4.147   0.545  -3.830   9.318   0.559  -4.504   1.000 0 1
  2417 1346.13 2462.32  -0.03  -0.10  20.490  0.022  20.831  20.490  20.636   3.331   0.930  44.599   3.418   0.877  46.040   5.565   0.879  44.976   1.000 0 1
   760 1084.63 2571.32  -0.06  -0.15  21.163  0.023  21.546  21.163  21.286   3.529   0.839  33.385   3.760   0.727  34.484   6.671   0.701  33.529   1.000 0 1
  1866  555.88 1241.46  -0.02  -0.07  20.486  0.022  20.940  20.486  20.715   4.161   0.821  31.787   5.027   0.728  31.288  10.110   0.695  29.077   1.000 0 1
  1866  555.88 1241.46  -1.00  -1.00   0.000  0.000   0.000   0.000   0.000   0.000   0.000   0.000   0.000   0.000   0.000   0.000   0.000   0.000   0.000 -1 -1
  4081   70.94 2750.93  -0.01  -0.17  21.785  0.023  22.086  21.720  21.875   3.359   0.966  37.282   3.285   0.944  35.132   5.623   0.959  15.610   0.838 0 1
  1725 1875.81  658.85  -0.16  -0.26  23.131  0.032  23.295  23.003  23.186   3.558   0.747  -0.336   3.415   0.601   0.883   5.298   0.581   2.168   0.585 0 1
  1853  869.52 3631.34  -0.15  -0.00  22.999  0.031  23.214  22.944  23.034   3.122   0.888  37.275   2.728   0.817  33.802   3.887   0.851  30.181   0.809 1061896304199846 1
  1853  869.52 3631.34  -1.00  -1.00   0.000  0.000   0.000   0.000   0.000   0.000   0.000   0.000   0.000   0.000   0.000   0.000   0.000   0.000   0.000 -1 -1
   933 1467.05 1517.76   1.11  -0.52  23.801  0.049  24.078  23.795     nan   3.320   0.751  57.142   3.022   0.593  53.521   4.648   0.544  56.045   0.980 0 1
  1180 1398.62 2091.37  -0.78  -0.13  23.369  0.037  23.680  23.370  23.587   4.151   0.544  10.319   4.225   0.275  11.183   6.682   0.279  12.274   1.000 0 1
  3923 1942.89 1641.23  -0.55   0.14  22.994  0.030  23.832  22.983  23.136   3.567   0.765 -39.573   3.917   0.645 -44.249  12.580   0.704  56.877   0.988 1061896304198569 1
  2736  395.10 2609.39  -0.04   0.14  21.946  0.023  22.445  21.895  22.191   4.886   0.690  42.695   5.965   0.586  42.255  13.868   0.564  41.113   0.922 1061896304199190 1
  4768 1433.66 3376.39  -0.13   0.03  21.831  0.023  22.250  21.778  22.001   3.853   0.876  18.950   4.260   0.805  13.035   8.826   0.777   8.633   0.903 0 1
  1661  696.75 2289.30   0.21   0.29  22.750  0.027  23.296  22.750  23.163   4.388   0.754  42.428   4.820   0.702  45.901  10.774   0.702  48.282   1.000 0 1
  3348 1517.05  160.53  -0.12  -0.19  22.770  0.028  23.067  22.749  22.828   3.666   0.716  36.424   3.711   0.557  35.497   5.961   0.543  35.291   0.940 0 1
  1514 1157.07 1199.63   0.02  -0.11  20.180  0.022  20.735  20.181  20.488   4.342   0.859   7.903   5.354   0.796   7.629  12.068   0.804   6.449   1.000 0 1
  1133 1752.69 3797.75   0.53   0.42  22.859  0.029  23.126  22.779  22.940   4.451   0.597   7.054   4.739   0.401   6.192   8.392   0.353   6.141   0.791 0 1
  4378  602.57  736.64  -0.01  -0.16  21.405  0.023  21.665  21.387  21.511   3.363   0.815  39.727   3.342   0.683  39.088   4.997   0.656  38.552   0.937 0 1
  1186 1984.54 1797.25   0.42   1.08  24.226  0.062  24.226  23.921     nan   4.242   0.776  44.886   4.316   0.608  49.515   8.095   0.430  54.193   0.000 0 1
  2702  401.39  786.05  -0.09  -0.42  22.640  0.026  23.025  22.548  22.856   3.885   0.817  30.889   4.136   0.732  22.682   8.638   0.704  17.377   0.834 0 1
  2765  664.14 2063.05   0.24  -0.40  22.379  0.025  22.735  22.361  22.527   3.466   0.955  33.506   3.557   0.903  38.650   6.298   0.874  29.747   0.956 0 1
  3815 1324.50 3145.06   0.08  -0.06  22.604  0.026  23.065  22.605  22.506   3.608   0.782  -3.540   3.830   0.645  -5.796   7.640   0.644 -12.584   1.000 1061896304199516 1
  1547  291.62 2974.07  -0.55  -0.58  23.178  0.034  23.418  23.178  23.069   2.560   0.931 -18.494   1.873   0.800 -18.936   2.429   0.909   8.503   1.000 0 1
  4495 1027.47 3634.98   0.02   0.02  21.487  0.023  21.677  21.488  21.510   2.878   0.884  45.135   2.372   0.787  42.690   2.929   0.767  41.895   1.000 1061896304199847 1
  1095  703.90 3231.22   0.01  -0.02  20.150  0.022  20.661  20.150  20.446   4.570   0.831   8.729   5.796   0.759   7.462  12.737   0.723   4.049   1.000 1061896304199570 1
   805  647.00 1265.50  -0.03  -0.11  20.112  0.022  20.578  20.112  20.342   4.024   0.896  -0.105   4.799   0.842  -1.321   9.766   0.812  -3.859   1.000 0 1
  4055 1784.47  234.66   0.00  -0.08  21.485  0.023  21.843  21.429  21.675   3.716   0.932  42.423   3.961   0.901  45.428   7.513   0.873  41.138   0.879 0 1
  3989  106.60  262.61   0.22   0.36  22.875  0.028  23.107  22.577  23.209   4.524   0.729  30.418   4.942   0.652  29.745  11.332   0.617  29.266   0.489 0 1
  3824  354.54  771.87   0.10  -0.47  23.414  0.035  23.969  23.414     nan   5.156   0.655 -21.104   5.883   0.519 -22.472  13.819   0.488 -24.082   1.000 1061896304198077 1
  2182  503.54   53.95  -0.00  -0.11  20.370  0.022  20.754  20.370  20.550   3.547   0.895  26.393   3.853   0.830  24.305   6.807   0.817  20.785   1.000 0 1
  2917 1334.46 1662.10   0.05  -0.03  20.852  0.022  21.161  20.845  20.984   3.523   0.805  42.319   3.649   0.680  42.257   5.865   0.642  41.050   0.980 0 1
   764 1386.82 2443.81  -0.01  -0.00  20.626  0.022  20.843  20.626  20.675   3.114   0.787  44.715   2.900   0.598  44.787   3.860   0.555  43.908   1.000 0 1
  3091 1856.96 3706.76  -0.03  -0.02  21.268  0.023  21.390  21.246  21.283   2.983   0.802   5.695   2.567   0.579   2.007   2.994   0.507  -0.091   0.839 0 1
  3904  912.41 3825.32   0.00  -0.04  20.096  0.022  20.332  20.091  20.169   3.195   0.824  43.934   3.017   0.691  42.206   4.177   0.658  40.897   0.979 0 1
  3500  360.71 1034.59  -0.07  -0.07  20.903  0.022  21.090  20.897  20.941   2.753   0.947  -3.444   2.260   0.876  -8.167   2.797   0.858  -8.048   0.967 0 1
  2331  632.40 2597.03   0.02  -0.07  20.266  0.022  20.674  20.254  20.465   4.414   0.705   5.309   5.308   0.572   4.779  10.362   0.520   3.771   0.973 0 1
