# FakeID   FakeX    FakeY    DiffX   DiffY   CmodMag   CmodErr  ExpMag  DevMag  KronMag  SdssR  SdssBa  SdssPa  ExpR  ExpBa  ExpPa  DevR  DevBa  DevPa  fracDev  parentID  extended
  3706  728.48  392.40  -0.04  -0.03  20.113  0.027  20.399  20.112  20.224   3.459   0.793  23.879   3.635   0.639  22.991   5.519   0.600  22.353   0.996 1061892009230570 1
  1442   82.19  520.57  -0.01  -0.06  20.155  0.027  20.524  20.143  20.360   3.519   0.959  12.341   3.811   0.928  10.525   6.730   0.911   5.476   0.969 0 1
  1356 1833.86 1859.99   0.27  -0.01     nan    nan     nan     nan     nan   0.289   1.000   0.000     nan     nan     nan     nan     nan     nan     nan 0 1
  2972 1604.04 3595.60  -0.01   0.02  20.663  0.027  21.245  20.664  20.936   4.990   0.620  39.095   6.517   0.492  40.490  15.867   0.448  41.046   1.000 0 1
  2983 1085.95 1531.70  -0.04  -0.04  20.287  0.028  20.557  20.287  20.377   3.579   0.703  20.023   3.831   0.488  19.031   5.723   0.442  17.850   1.000 1061892009231344 1
   349  488.24 3622.54   0.56   0.11  20.681  0.027  21.099  20.617  20.911   4.586   0.747  30.084   5.534   0.652  29.823  11.719   0.624  29.022   0.883 1061892009232585 1
  1217 1635.13 3273.74  -0.23  -0.08  21.142  0.027  21.401  21.111  21.230   3.107   0.944  17.062   2.903   0.884  12.389   4.461   0.841   7.029   0.901 1061892009232406 1
  1217 1635.13 3273.74  -1.00  -1.00   0.000  0.000   0.000   0.000   0.000   0.000   0.000   0.000   0.000   0.000   0.000   0.000   0.000   0.000   0.000 -1 -1
  1214  596.32  122.51  -0.52  -0.39  23.805  0.047  23.887  23.365  23.776   3.645   0.907  43.690   3.753   0.846  38.436   8.515   0.800  38.286   0.189 0 1
  3186  277.20 1058.59   0.18   0.00  23.062  0.034  23.114  22.906     nan   3.331   0.812  50.530   3.032   0.673  46.601   4.142   0.611  41.467   0.253 0 1
  2776 1327.55  731.47   0.01  -0.05     nan    nan     nan     nan  20.325   5.226   0.632  35.663     nan     nan     nan     nan     nan     nan     nan 1061892009230807 1
  4704 1822.09 1607.55   0.02  -0.03  23.841  0.049  23.841  23.504  23.812   3.780   0.770  80.210   3.609   0.656  80.004   6.171   0.628  76.458   0.000 0 1
  4839  576.41 1020.70   0.15   0.20  22.975  0.033  23.315  22.962  23.306   4.915   0.537  12.973   5.609   0.342  11.395  10.300   0.276  10.590   0.970 1061892009231015 1
  3671 1985.71 2423.96  -0.08  -0.28  23.201  0.035  23.388  22.964  23.215   3.933   0.878 -23.637   4.119   0.792 -29.647   8.388   0.697 -32.718   0.480 1061892009231933 1
  2417 1346.13 2462.32  -0.01  -0.06  20.550  0.028  20.873  20.551  20.670   3.184   0.944  50.034   3.119   0.900  50.766   4.926   0.897  42.252   1.000 0 1
   760 1084.63 2571.32  -0.08  -0.01  21.157  0.028  21.519  21.157  21.318   3.806   0.778  29.367   4.200   0.649  28.588   7.355   0.608  27.152   1.000 0 1
  1866  555.88 1241.46  -0.01  -0.03  20.320  0.027  20.975  20.320  20.676   4.081   0.794  30.445   4.879   0.700  29.094  12.117   0.753   5.710   1.000 0 1
  2722 1346.90 3331.30  -0.70  -0.30  23.710  0.045  23.741  23.400  23.770   4.127   0.594 -30.363   4.047   0.385 -31.048   6.913   0.387 -28.254   0.103 1061892009232437 1
  4081   70.94 2750.93   0.15  -0.11  21.636  0.027  22.019  21.633  21.841   3.621   0.890  41.013   3.824   0.831  38.694   6.902   0.804  33.956   0.992 1061892009232122 1
  1725 1875.81  658.85   0.35   0.09  23.172  0.036  23.323  23.117  23.211   3.633   0.681  17.763   3.525   0.452  14.282   4.861   0.377  11.419   0.739 0 1
  1853  869.52 3631.34   0.20  -0.04  22.707  0.031  22.971  22.541  22.690   3.858   0.846  37.800   4.155   0.714  37.896   8.532   0.619  38.074   0.649 0 1
   793  710.37 2158.94   0.83   0.02  23.714  0.046  23.713  23.522  25.582   3.979   0.563  12.215   3.862   0.293  10.586   5.330   0.238  10.389   0.000 0 1
   933 1467.05 1517.76  -0.79   0.32  23.918  0.053  23.929  23.631  23.804   3.321   0.803  -6.487   3.059   0.676 -11.305   4.623   0.732 -13.954   0.042 1061892009231338 1
   933 1467.05 1517.76  -1.00  -1.00   0.000  0.000   0.000   0.000   0.000   0.000   0.000   0.000   0.000   0.000   0.000   0.000   0.000   0.000   0.000 -1 -1
  3923 1942.89 1641.23  -0.00  -0.12  23.804  0.048  23.803  23.604     nan   3.658   0.717  35.319   3.312   0.558  34.377   4.833   0.442  37.604   0.000 0 1
  2736  395.10 2609.39  -0.03  -0.18  22.041  0.028  22.558  22.034  22.264   5.150   0.610  20.990   6.042   0.498  19.884  13.877   0.451  19.305   0.987 0 1
  4768 1433.66 3376.39   0.02  -0.05  21.623  0.028  22.192  21.624  21.852   3.955   0.861  20.748   4.731   0.777  26.030  11.339   0.704  33.235   1.000 0 1
  1661  696.75 2289.30   0.37  -0.00  22.969  0.033  23.433  22.926  22.715   3.839   0.861  27.730   4.038   0.846  27.999   8.530   0.869  31.739   0.927 1061892009231883 1
  3348 1517.05  160.53   0.41   0.18  22.799  0.032  22.991  22.734  22.947   3.682   0.662  36.323   3.694   0.426  37.208   5.652   0.352  38.745   0.757 0 1
  1514 1157.07 1199.63   0.00  -0.03  20.181  0.028  20.713  20.182  20.437   4.412   0.842  -1.365   5.475   0.797  -0.940  12.136   0.783  -1.905   1.000 0 1
  1133 1752.69 3797.75  -0.22  -0.50  22.654  0.030  23.104  22.654  23.031   3.728   0.897  14.032   3.911   0.847  10.534   7.700   0.833   5.246   1.000 0 1
  4378  602.57  736.64  -0.01  -0.05  21.374  0.028  21.670  21.365  21.491   3.335   0.842  44.325   3.335   0.711  43.375   5.290   0.665  41.190   0.974 0 1
  1186 1984.54 1797.25   0.13  -0.83  24.399  0.074  24.494  24.045  24.116   4.122   0.665 -28.262   3.828   0.139 -32.861   6.996   0.359 -34.968   0.237 0 1
  2702  401.39  786.05  -0.14   0.06  23.245  0.037  23.244  23.107  23.250   3.014   0.756  69.178   2.522   0.524  70.288   2.972   0.461  71.244   0.000 1061892009230861 1
  2765  664.14 2063.05  -0.06  -0.08  22.748  0.031  22.992  22.651  22.789   3.127   0.969 -41.527   2.909   0.930 -35.451   4.904   0.895 -22.630   0.739 0 1
  3815 1324.50 3145.06   0.01  -0.15  22.063  0.028  22.634  22.064  22.153   4.770   0.668   6.842   5.979   0.565  10.169  14.260   0.533  11.781   1.000 1061892009232333 1
  1547  291.62 2974.07   0.05   0.15  23.565  0.042  23.564  23.350  23.553   3.397   0.729  -2.849   3.263   0.505  -3.589   4.884   0.371  -1.027   0.000 1061892009232240 1
  4495 1027.47 3634.98  -0.06  -0.07  21.487  0.028  21.670  21.470  21.524   2.954   0.863  38.527   2.517   0.747  37.651   3.199   0.724  37.024   0.915 1061892009232596 1
  1095  703.90 3231.22  -0.08  -0.03  20.180  0.027  20.683  20.177  20.454   4.381   0.858   9.086   5.470   0.794   9.713  11.882   0.763   8.169   0.994 0 1
   805  647.00 1265.50  -0.03  -0.04  20.127  0.027  20.593  20.128  20.379   4.058   0.892   8.082   4.861   0.835   7.612   9.935   0.797   5.003   1.000 0 1
   805  647.00 1265.50  -1.00  -1.00   0.000  0.000   0.000   0.000   0.000   0.000   0.000   0.000   0.000   0.000   0.000   0.000   0.000   0.000   0.000 -1 -1
  3989  106.60  262.61   0.31   0.51  25.048  0.149  25.048  25.051  25.059   1.993   0.921  58.276   0.713   0.518  73.536   0.428   0.525  68.468   0.000 1061892009230598 0
  3824  354.54  771.87   0.47  -0.28  23.798  0.050  24.124  23.799  23.729   2.927   0.894  84.285   2.635   0.713 -85.386   5.172   0.421 -89.345   1.000 1061892009230861 1
  2182  503.54   53.95   0.02  -0.04  19.868  0.027  20.660  19.869  20.144   3.748   0.883  19.306   4.277   0.856  26.587  14.966   0.634  80.786   1.000 0 1
  2917 1334.46 1662.10  -0.01  -0.03  20.806  0.028  21.117  20.784  20.931   3.682   0.785  43.188   3.883   0.661  42.901   6.323   0.653  42.361   0.938 1061892009231457 1
   764 1386.82 2443.81  -0.00   0.00  20.664  0.028  20.855  20.652  20.713   3.192   0.772  45.202   3.032   0.576  45.304   3.977   0.524  44.375   0.933 0 1
  3091 1856.96 3706.76   0.00  -0.03  21.222  0.027  21.364  21.197  21.264   3.020   0.789   2.496   2.674   0.569   1.445   3.317   0.488   0.534   0.849 0 1
  3904  912.41 3825.32  -0.02  -0.03  20.100  0.027  20.345  20.100  20.166   3.150   0.823  40.335   3.025   0.678  40.587   4.219   0.639  40.104   1.000 0 1
  3500  360.71 1034.59  -0.01  -0.07  20.914  0.027  21.088  20.901  20.954   2.781   0.945  -8.572   2.299   0.866 -12.883   2.806   0.850 -13.804   0.930 0 1
  2331  632.40 2597.03   0.06   0.03  20.246  0.027  20.669  20.247  20.462   4.329   0.724   4.696   5.325   0.584   4.946  10.375   0.534   3.708   1.000 0 1
