# FakeX    FakeY    DiffX   DiffY   CmodMag   CmodErr  ExpMag  DevMag  KronMag  SdssR  SdssBa  SdssPa  ExpR  ExpBa  ExpPa  DevR  DevBa  DevPa  fracDev  parentID  nChild  extended
1236 26   2817 3968.68   -1.00  -1.00   0.00   0.000  0.000   0.000   0.000   0.000   0.000   0.000   0.000   0.000   0.000   0.000   0.000   0.000   0.000 -1 -1 -1
1236 26   1070 2665.79   -0.21  -0.53  21.90   0.024 22.214  21.805  22.086   4.378   0.720  32.787   4.690   0.630  34.641   8.937   0.599  35.255   0.796 1061827584722310 0 1
1236 26    979  742.58   -0.03   0.15  22.75   0.028 22.751  22.219  23.605   4.901   0.761  42.249   5.376   0.673  44.508  13.244   0.593  44.855   0.000 0 0 1
1236 26   4148 1864.92   -0.09  -0.34  20.42   0.023 20.785  20.099  20.718   5.818   0.873   2.256   7.041   0.907  -0.671  19.643   0.908  -5.822   0.595 0 2 1
1236 26   3423 3127.69   -0.31   0.16    nan     nan    nan     nan     nan   0.289   1.000   0.000     nan     nan     nan     nan     nan     nan     nan 0 0 1
1236 26   4402 3772.64   -0.03  -0.14  20.79   0.023 20.884  20.450  20.831   4.881   0.726  44.872   5.448   0.636  45.930  11.228   0.590  46.861   0.230 0 0 1
1236 26   4203 2899.03    0.21   0.01    nan     nan    nan     nan     nan   3.222   0.876  41.174     nan     nan     nan     nan     nan     nan     nan 0 0 1
1236 26   1403 1861.70   -0.41  -0.79  23.53   0.044 23.902  23.530  23.479   4.018   0.785 -12.478   3.884   0.771 -14.238   6.342   0.858 -22.567   1.000 1061827584721870 0 1
1236 26   2809 3737.61    0.16  -0.29  21.20   0.023 21.347  20.515  21.323   7.065   0.869  34.359   8.856   0.844  34.141  29.799   0.833  34.919   0.232 0 0 1
1236 26   2323 1280.62   -0.14  -0.14  19.94   0.023 20.431  19.613  20.303   7.864   0.692   6.616  10.435   0.661   6.315  34.907   0.626   6.127   0.673 0 2 1
1236 26   3762 1345.86   -0.20  -0.22    nan     nan    nan     nan     nan   3.667   0.759  54.685     nan     nan     nan     nan     nan     nan     nan 0 0 1
1236 26   2965 3147.24   -0.06  -0.03  20.43   0.023 20.855  20.197  20.713   5.427   0.888  12.417   6.706   0.868  17.374  18.014   0.862  16.935   0.704 1061827584722574 0 1
1236 26   2873  466.85    0.02  -0.01  19.90   0.023 20.470  19.810  20.249   6.118   0.782   7.143   8.060   0.737   7.579  21.889   0.707   6.430   0.894 0 3 1
1236 26   4155 1119.32   -0.29   0.17  21.49   0.024 22.087  21.319  21.983   6.195   0.768  49.729   7.819   0.698  50.436  24.369   0.654  50.680   0.826 0 0 1
1236 26    815 1609.93   -0.45  -0.04  21.27   0.023 21.630  21.270  21.376   3.366   0.830  13.296   3.314   0.721  10.416   5.740   0.679   6.379   1.000 1061827584721767 0 1
1236 26   3176 2158.47    0.49  -1.48    nan     nan    nan     nan     nan   3.482   0.700  42.934     nan     nan     nan     nan     nan     nan     nan 1061827584722035 0 1
1236 26   4970 1234.36   -1.00  -1.00   0.00   0.000  0.000   0.000   0.000   0.000   0.000   0.000   0.000   0.000   0.000   0.000   0.000   0.000   0.000 -1 -1 -1
1236 26   2371  317.75   -0.11   0.67  22.86   0.030 23.206  22.687  22.806   4.778   0.647  32.720   5.219   0.541  36.818  11.794   0.510  38.938   0.706 1061827584721054 0 1
1236 26   3780 3240.51   -0.01  -0.06  21.02   0.023 21.263  20.916  21.150   3.717   0.859  28.033   3.729   0.810  27.310   6.299   0.804  23.937   0.717 1061827584722622 0 1
1236 26    178 1049.42   -0.51   0.55  21.22   0.023 21.418  20.859  21.394   4.817   0.928 -34.598   5.429   0.922 -17.622  13.076   0.892  -5.043   0.405 1061827584721438 0 1
1236 26    337  988.01    0.04  -0.01    nan     nan    nan     nan     nan   3.118   0.911  41.082     nan     nan     nan     nan     nan     nan     nan 0 0 1
1236 26   1000   23.41    0.44   0.59    nan     nan    nan     nan  20.119   5.041   0.703  -6.439     nan     nan     nan     nan     nan     nan     nan 1061827584721009 0 1
1236 26   4293 2255.39   -0.01  -0.03  20.13   0.023 20.233  19.792  20.183   4.499   0.885  22.622   5.002   0.854  20.945  10.157   0.842  19.957   0.251 0 0 1
1236 26   1334  820.74    0.42   0.14  20.16   0.023 20.738  19.889  20.602   7.173   0.849   4.395   9.392   0.836   4.581  31.668   0.828   2.858   0.755 0 0 1
1236 26   3293  544.71    1.85  -0.17  23.21   0.033 23.209  22.732     nan   5.382   0.708   2.389   5.967   0.568   3.103  14.699   0.426   5.555   0.000 0 0 1
1236 26   3955 3190.15   -0.05  -0.19  20.30   0.023 21.168  20.303  20.971   7.889   0.743  12.133  12.375   0.615  19.735  42.841   0.578  20.192   1.000 0 2 1
1236 26   1792 2224.75   -1.07  -0.50    nan     nan    nan     nan     nan   3.015   0.885  13.020     nan     nan     nan     nan     nan     nan     nan 0 0 1
1236 26   3768 1526.20   -1.00  -1.00   0.00   0.000  0.000   0.000   0.000   0.000   0.000   0.000   0.000   0.000   0.000   0.000   0.000   0.000   0.000 -1 -1 -1
1236 26    776 1352.96   -1.00  -1.00   0.00   0.000  0.000   0.000   0.000   0.000   0.000   0.000   0.000   0.000   0.000   0.000   0.000   0.000   0.000 -1 -1 -1
1236 26   3043 3948.70    0.13  -0.33  21.81   0.024 22.378  21.745  22.153   3.866   0.999 -63.252   4.053   0.977  34.216  12.005   0.710   9.859   0.919 0 3 1
1236 26   4192 3491.53   -0.06  -0.47  21.10   0.023 21.542  20.688  21.469   7.423   0.902  22.469   9.277   0.908  30.929  31.308   0.921  35.924   0.604 0 0 1
1236 26   3868 1793.19    1.14  -1.04    nan     nan    nan     nan     nan     nan     nan     nan     nan     nan     nan     nan     nan     nan     nan 0 0 1
1236 26   1483  880.51   -0.04  -0.02  20.52   0.023 20.976  20.388  20.805   5.148   0.867  39.644   6.262   0.848  43.078  15.229   0.849  45.262   0.804 0 0 1
1236 26     28 2901.70   -0.06  -0.19  20.76   0.023 21.071  20.612  20.949   4.912   0.737  16.931   5.798   0.644  15.505  12.391   0.578  14.217   0.715 1061827584722429 0 1
1236 26   4054  346.54   -0.00  -0.15  20.85   0.023 21.155  20.576  21.038   5.582   0.744  10.412   6.735   0.682  10.831  16.874   0.637  10.043   0.573 0 2 1
1236 26    638 1624.60   -0.07  -0.18  20.41   0.023 21.222  20.412  20.824   6.437   0.860  -5.389   8.877   0.821   2.413  28.290   0.790   4.113   1.000 0 2 1
1236 26   1945 3008.05   -1.00  -1.00   0.00   0.000  0.000   0.000   0.000   0.000   0.000   0.000   0.000   0.000   0.000   0.000   0.000   0.000   0.000 -1 -1 -1
1236 26   4563  714.26   -0.01   0.25  21.97   0.024 22.280  21.655  22.163   4.984   0.872  18.847   5.754   0.815  25.670  15.147   0.760  28.443   0.551 0 0 1
1236 26   2013  600.96    0.14  -0.30  20.84   0.023 21.112  20.265  21.035   7.227   0.773  41.182   9.421   0.747  37.247  32.081   0.743  36.354   0.402 0 2 1
1236 26   1816 1535.21    0.16   0.00  22.94   0.030 22.935  22.521     nan   4.294   0.771  38.365   4.477   0.668  34.260   9.470   0.559  29.689   0.000 0 0 1
1236 26   1982 1303.84    0.04   1.56  23.55   0.040 23.608  22.999     nan   5.243   0.811  -8.710   5.921   0.706 -14.811  16.394   0.570 -16.860   0.124 0 0 1
1236 26   1395 3137.89   -0.40  -0.07  20.77   0.023 21.315  20.586  21.196   5.667   0.776  16.191   6.923   0.745  18.798  19.620   0.781  18.359   0.795 0 2 1
1236 26   3572 2865.65   -0.40  -0.56  21.12   0.023 21.325  20.713  21.267   5.026   0.885  37.521   5.949   0.839  39.863  15.535   0.792  40.594   0.395 0 0 1
1236 26    286 1951.78   -1.00  -1.00   0.00   0.000  0.000   0.000   0.000   0.000   0.000   0.000   0.000   0.000   0.000   0.000   0.000   0.000   0.000 -1 -1 -1
1236 26   3846  153.97   -0.31  -0.09  21.33   0.024 21.944  21.124  21.835   7.835   0.731  20.267   9.908   0.703  19.330  32.968   0.667  17.277   0.804 0 2 1
1236 26   2772 2854.89   -1.00  -1.00   0.00   0.000  0.000   0.000   0.000   0.000   0.000   0.000   0.000   0.000   0.000   0.000   0.000   0.000   0.000 -1 -1 -1
1236 26   2120 2466.12    0.01  -0.07  20.84   0.023 21.110  20.725  20.973   3.797   0.895   7.714   3.986   0.858   5.688   7.211   0.845   3.550   0.735 0 0 1
1236 26   3723 3175.73    0.24  -1.00  23.58   0.043 23.580  23.144     nan   4.313   0.848 -83.095   4.324   0.765  87.132   9.214   0.676  80.814   0.000 0 0 1
1236 26   3277 3190.33   -0.08  -0.09  20.09   0.023 20.554  19.841  20.396   6.602   0.743  40.954   8.680   0.689  41.154  25.485   0.661  40.975   0.716 0 0 1
1236 26   3022 3833.92   -0.07  -0.27  20.95   0.023 21.513  20.903  21.376   6.286   0.611  31.000   8.418   0.495  30.525  21.879   0.449  30.007   0.936 0 3 1
1236 26   2855 3498.45   -0.03  -0.05  21.26   0.023 21.259  20.785  21.244   4.650   0.837   7.337   5.118   0.780   6.594  11.229   0.731   5.778   0.000 0 0 1
1236 26   1298 3311.90   -0.06  -0.05  20.75   0.023 21.040  20.667  20.888   3.950   0.818  22.666   4.201   0.745  21.681   7.494   0.716  19.348   0.797 0 0 1
1236 26   1009 2594.64   -0.02  -0.11  21.69   0.024 21.916  21.604  21.779   3.650   0.789  22.197   3.597   0.680  21.213   5.770   0.658  20.261   0.745 0 0 1
1236 26   4886 1190.96   -0.05  -0.08  20.49   0.023 20.635  20.364  20.545   3.416   0.896  30.098   3.256   0.835  31.713   4.884   0.800  30.985   0.550 0 0 1
1236 26   2402 3889.18   -0.17  -0.14  21.48   0.024 21.977  21.424  21.700   4.725   0.847  14.685   5.512   0.792  14.468  12.853   0.769  12.537   0.910 1061827584722957 0 1
1236 26   4942 4071.28   -1.00  -1.00   0.00   0.000  0.000   0.000   0.000   0.000   0.000   0.000   0.000   0.000   0.000   0.000   0.000   0.000   0.000 -1 -1 -1
1236 26   2482  965.39   -0.06  -0.08  20.97   0.023 21.069  20.743  21.022   4.118   0.760  21.053   4.337   0.644  21.620   7.490   0.586  20.892   0.316 0 0 1
1236 26   3101 1266.85   -0.34  -1.63  23.76   0.052 24.163  23.759  23.537   3.586   0.681 -20.412   3.810   0.457 -19.073   7.214   0.407 -16.154   1.000 0 0 1
1236 26    112 2843.36   -0.27   0.39  22.87   0.030 23.179  22.757  23.132   4.557   0.674  24.498   4.951   0.556  25.971  10.183   0.459  25.667   0.772 1061827584722404 0 1
1236 26    406 2177.34    0.56  -0.00    nan     nan    nan     nan     nan   3.268   0.878  17.450     nan     nan     nan     nan     nan     nan     nan 0 0 1
