# FakeX    FakeY    DiffX   DiffY   CmodMag   CmodErr  ExpMag  DevMag  KronMag  SdssR  SdssBa  SdssPa  ExpR  ExpBa  ExpPa  DevR  DevBa  DevPa  fracDev  parentID  nChild  extended
1236 35    162 1744.61    0.11  -0.04  21.46   0.018 21.733  20.815  21.648   8.968   0.668  24.187  11.948   0.617  24.919  44.950   0.588  25.369   0.386 0 2 1
1236 35   3033  534.67    0.06  -0.18  22.64   0.023 22.805  22.313  22.589   4.590   0.681  52.338   4.960   0.591  49.467  10.840   0.557  46.493   0.376 0 0 1
1236 35   3019 1893.94    0.13  -0.11  21.95   0.019 22.186  21.789  22.121   3.966   0.941  -3.542   4.184   0.879  -3.558   7.886   0.839  -3.504   0.615 0 0 1
1236 35   2606 2392.06   -0.13  -0.39  20.84   0.018 21.182  20.330  21.054   7.672   0.695  12.461  10.127   0.637  10.737  35.391   0.599  10.028   0.488 1061866239427878 0 1
1236 35    677 3476.19   -0.14  -0.45  20.53   0.017 21.396  20.494  21.183   7.739   0.660   8.812  10.300   0.674   6.421  35.859   0.686   4.050   0.974 0 4 1
1236 35   1126 2787.67   -0.03  -0.10  20.61   0.018 20.742  20.341  20.661   4.402   0.801  23.001   4.884   0.715  21.458   9.471   0.672  20.807   0.345 0 0 1
1236 35   1441 3515.59   -0.05  -0.09  21.17   0.018 21.234  20.806  21.186   4.293   0.866  14.765   4.618   0.825  12.337   9.213   0.807  10.784   0.167 0 2 1
1236 35   2262  176.57    0.02  -0.07  21.02   0.018 21.118  20.798  21.071   3.676   0.923  40.322   3.595   0.906  37.053   5.886   0.896  33.244   0.335 0 0 1
1236 35   3779 1744.03    0.39  -0.60  20.63   0.017 21.078  20.425  20.950   6.054   0.875  16.329   7.317   0.871  14.206  19.352   0.887  12.170   0.737 1061866239427532 0 1
1236 35    196 3402.25    0.46  -0.16    nan     nan    nan     nan     nan   3.353   0.886  28.110     nan     nan     nan     nan     nan     nan     nan 1061866239428442 0 1
1236 35   4551 1731.97   -1.00  -1.00   0.00   0.000  0.000   0.000   0.000   0.000   0.000   0.000   0.000   0.000   0.000   0.000   0.000   0.000   0.000 -1 -1 -1
1236 35   3504 2612.37   -0.11  -0.39  20.68   0.017 21.031  20.231  20.891   7.278   0.796  13.910   9.297   0.758  10.639  30.581   0.719   8.015   0.526 1061866239428013 0 1
1236 35   3245 2927.26   -0.21   0.08    nan     nan    nan     nan     nan   3.020   0.924  66.128     nan     nan     nan     nan     nan     nan     nan 0 2 1
1236 35    371 1115.77   -0.27   0.23  20.99   0.017 21.115  20.357  21.077   6.964   0.693   3.888   8.725   0.644   3.655  27.665   0.599   3.216   0.211 0 2 1
1236 35   4127 1442.51   -1.00  -1.00   0.00   0.000  0.000   0.000   0.000   0.000   0.000   0.000   0.000   0.000   0.000   0.000   0.000   0.000   0.000 -1 -1 -1
1236 35   3692  734.53    0.37  -0.53  20.05   0.017 20.265  19.660     nan   5.845   0.813  37.498   7.123   0.774  36.437  18.382   0.749  34.719   0.401 0 0 1
1236 35   4820 2661.07   -0.10   0.05  20.79   0.018 21.009  20.346  20.975   6.287   0.736  23.916   7.756   0.684  23.308  22.002   0.629  23.110   0.392 1061866239428046 0 1
1236 35   4203 2119.30   -0.42   0.24    nan     nan    nan     nan     nan   3.215   0.660 -42.737     nan     nan     nan     nan     nan     nan     nan 0 0 1
1236 35   2062 2238.88    0.00  -0.11  20.03   0.017 20.121  19.612  20.082   5.576   0.722  40.275   6.631   0.653  39.775  15.366   0.608  39.979   0.196 0 0 1
1236 35    626 3170.53   -0.01  -0.08  19.94   0.017 20.131  19.601  20.071   5.428   0.806   8.087   6.621   0.735   5.684  15.747   0.686   3.379   0.405 1061866239428303 0 1
1236 35    276 2265.81    0.22  -0.41    nan     nan    nan     nan     nan   2.976   0.986  83.111     nan     nan     nan     nan     nan     nan     nan 0 0 1
1236 35    471  701.05   -0.07  -0.05  20.07   0.017 20.643  19.816  20.485   6.987   0.870  39.514   9.061   0.871  44.179  29.514   0.878  45.208   0.760 1061866239426923 0 1
1236 35   2191 3936.96   -0.20  -0.22  20.43   0.018 20.480  19.806  20.465   7.286   0.639  19.402   9.136   0.570  17.549  27.035   0.503  16.692   0.086 0 0 1
1236 35   4761 3527.04   -0.19  -0.32  19.80   0.017 20.320  19.445  20.180   7.916   0.859  41.349  10.471   0.844  41.760  36.535   0.840  41.037   0.677 1061866239428507 0 1
1236 35   4172 3724.40   -0.70   0.30    nan     nan    nan     nan     nan   3.186   0.830  63.757     nan     nan     nan     nan     nan     nan     nan 0 0 1
1236 35    641 2291.17   -0.08  -0.07  20.12   0.017 20.472  20.072  20.292   4.001   0.836   7.298   4.560   0.751   5.394   8.497   0.713   3.405   0.890 1061866239427847 0 1
1236 35   4302 3182.36   -0.29  -0.38    nan     nan    nan     nan     nan   3.181   0.914  80.239     nan     nan     nan     nan     nan     nan     nan 0 0 1
1236 35   3216 3925.43   -0.06  -0.14  21.90   0.019 22.228  21.467  21.926   5.940   0.743  27.473   7.313   0.691  31.819  22.481   0.667  34.846   0.506 0 0 1
1236 35   2962 1747.01   -0.03  -0.37  22.35   0.020 22.377  21.721     nan   5.647   0.762   1.267   6.644   0.679   1.623  18.752   0.609   2.190   0.055 0 0 1
1236 35   4393  262.78   -0.32   0.22  20.53   0.017 20.938  20.266     nan   5.958   0.780  20.272   7.481   0.737  21.411  20.810   0.706  20.262   0.661 0 2 1
1236 35   3336 1617.75    0.16  -0.05  21.62   0.018 22.054  21.623  21.840   3.959   0.804  60.496   4.731   0.661  68.076   9.313   0.608  71.695   1.000 0 2 1
1236 35   1869 1300.27    0.01   0.08  20.82   0.017 21.380  20.646  21.116   6.234   0.765  13.040   8.105   0.711  12.258  24.212   0.680  10.391   0.810 1061866239427275 0 1
1236 35   4545 2862.85   -0.06   0.01  21.72   0.018 22.067  21.469  21.984   4.816   0.848  36.153   5.559   0.811  37.516  13.896   0.784  38.263   0.644 0 0 1
1236 35   2868 2462.47   -0.02  -0.07  20.25   0.017 20.525  19.869  20.455   6.322   0.751  42.814   7.963   0.699  43.800  22.106   0.660  43.287   0.487 0 2 1
1236 35    758 1796.96    0.02  -0.05  20.55   0.017 20.839  20.233  20.745   5.676   0.763   7.906   6.910   0.706   6.564  17.874   0.667   5.918   0.538 0 0 1
1236 35   3071 1984.66   -1.00  -1.00   0.00   0.000  0.000   0.000   0.000   0.000   0.000   0.000   0.000   0.000   0.000   0.000   0.000   0.000   0.000 -1 -1 -1
1236 35   3407 1977.86   -1.00  -1.00   0.00   0.000  0.000   0.000   0.000   0.000   0.000   0.000   0.000   0.000   0.000   0.000   0.000   0.000   0.000 -1 -1 -1
1236 35   2756 3132.74   -0.02  -0.07  20.00   0.017 20.266  19.604  20.195   5.912   0.863  13.620   7.377   0.835  11.520  20.431   0.808  10.347   0.471 1061866239428287 0 1
1236 35   2828 3434.00   -0.02  -0.18  21.64   0.018 22.048  21.351  21.835   6.217   0.684  27.429   7.590   0.614  26.941  21.926   0.572  27.026   0.656 0 0 1
1236 35   1219 2050.90   -1.00  -1.00   0.00   0.000  0.000   0.000   0.000   0.000   0.000   0.000   0.000   0.000   0.000   0.000   0.000   0.000   0.000 -1 -1 -1
1236 35   3732 2393.40   -0.04  -0.06  19.99   0.017 20.223  19.680  20.150   5.077   0.925  -1.600   6.043   0.898  -5.026  14.305   0.872  -7.942   0.467 0 2 1
1236 35   3558 2284.69    0.28  -0.69  21.35   0.018 22.037  21.062     nan   7.830   0.801   0.359  10.301   0.803  -7.044  39.443   0.803 -11.569   0.780 0 0 1
1236 35   2289  482.00   -0.49   1.17  20.66   0.017 21.054  20.203  20.866   6.310   0.959  13.137   8.143   0.929  14.123  27.543   0.926  12.569   0.549 0 0 1
1236 35   2064 2928.12   -0.07  -0.17  21.32   0.018 21.749  21.037  21.636   5.332   0.847  48.734   6.415   0.838  53.386  18.237   0.839  55.673   0.668 0 0 1
1236 35   1875  175.94   -0.05  -0.09  20.20   0.017 20.658  20.059  20.514   5.284   0.897  40.180   6.532   0.880  41.096  16.189   0.873  40.158   0.800 1061866239426660 0 1
1236 35   3485 3697.27    0.06  -0.00  20.62   0.018 21.264  20.554  21.057   5.537   0.921  65.642   7.011   0.922  63.492  19.713   0.928  64.175   0.928 0 0 1
1236 35   3236 1968.46   -0.30   0.52    nan     nan    nan     nan     nan   2.939   0.889  -4.113     nan     nan     nan     nan     nan     nan     nan 0 0 1
1236 35   3709 4023.56    0.02  -0.11    nan     nan    nan     nan  20.230   6.785   0.703  38.026     nan     nan     nan     nan     nan     nan     nan 1061866239428815 0 1
1236 35   3625 1302.32    0.24  -0.50  23.22   0.032 23.473  23.144  23.248   3.755   0.770  38.452   3.759   0.573  32.228   6.581   0.476  27.871   0.777 1061866239427285 0 1
1236 35   4715  465.88    0.24   0.40    nan     nan    nan     nan     nan   3.343   0.931  23.418     nan     nan     nan     nan     nan     nan     nan 0 0 1
1236 35   3528 2928.56    0.33  -0.01    nan     nan    nan     nan     nan   3.285   0.875  13.661     nan     nan     nan     nan     nan     nan     nan 0 0 1
1236 35   2531 2498.83    0.37  -0.01  21.02   0.017 21.720  20.892  21.519   6.954   0.879  10.193   8.713   0.868   7.868  28.669   0.851   6.521   0.881 0 3 1
1236 35   4338  570.41   -1.00  -1.00   0.00   0.000  0.000   0.000   0.000   0.000   0.000   0.000   0.000   0.000   0.000   0.000   0.000   0.000   0.000 -1 -1 -1
1236 35   2917 3707.13    1.29  -0.19  22.73   0.022 23.302  22.433  23.161   6.790   0.729 -63.661   7.785   0.788 -65.125  26.000   0.814 -63.646   0.738 0 0 1
1236 35   2367 2222.72   -0.04  -0.98  22.00   0.018 22.593  21.646  22.123   9.550   0.668  15.492  12.148   0.629  18.357  45.359   0.625  18.450   0.718 0 0 1
1236 35   4576 3862.62    0.49   0.11  21.42   0.018 22.209  21.420  21.719   7.106   0.677   6.831   9.096   0.606   3.899  29.137   0.550   1.408   1.000 0 0 1
1236 35   4399   28.11   -0.11  -0.11  22.97   0.027 23.195  22.850     nan   3.577   0.855  53.873   3.742   0.706  51.330   6.752   0.596  51.655   0.677 0 0 1
1236 35   2212  267.71    0.65   1.38    nan     nan    nan     nan     nan   2.722   0.795 -73.844     nan     nan     nan     nan     nan     nan     nan 0 0 1
1236 35   2319 2442.45   -0.10  -0.15  20.02   0.017 20.452  19.621  20.318   7.502   0.757   5.997   9.880   0.725   5.622  33.467   0.693   4.107   0.604 0 0 1
1236 35    616 3064.50   -0.14  -0.19  20.68   0.018 20.921  20.233  20.862   5.819   0.884   6.153   7.240   0.842   7.203  20.770   0.809   4.890   0.416 0 2 1
