# FakeX    FakeY    DiffX   DiffY   CmodMag   CmodErr  ExpMag  DevMag  KronMag  SdssR  SdssBa  SdssPa  ExpR  ExpBa  ExpPa  DevR  DevBa  DevPa  fracDev  parentID  nChild  extended
1236 49   2817 3968.68    1.97   0.15  22.71   0.028 23.180  22.463  23.066   7.034   0.777 -40.515   8.767   0.723 -46.907  27.532   0.613 -54.936   0.712 1061926368971113 0 1
1236 49   1070 2665.79    0.04   0.04  21.93   0.027 22.218  21.804  22.047   3.965   0.694  44.785   4.213   0.554  46.132   7.812   0.574  49.540   0.734 0 3 1
1236 49    979  742.58    0.95   0.93  22.92   0.031 23.298  22.794  22.621   4.611   0.559  16.745   5.557   0.370  14.525  12.494   0.338  15.026   0.779 1061926368969147 0 1
1236 49   4148 1864.92   -0.17  -0.07  20.57   0.026 20.901  20.247  20.789   6.135   0.768  -4.409   7.681   0.717  -3.875  21.112   0.680  -4.183   0.564 1061926368969795 0 1
1236 49   3423 3127.69    0.63   0.23    nan     nan    nan     nan     nan   3.713   0.566  35.610     nan     nan     nan     nan     nan     nan     nan 0 0 1
1236 49   4402 3772.64    0.05  -0.04  20.87   0.026 20.921  20.503  20.903   4.845   0.729  42.756   5.473   0.627  41.201  11.155   0.569  40.437   0.128 0 0 1
1236 49   4203 2899.03    1.48   0.76  23.09   0.032 23.518  22.902  23.231   4.122   0.923  22.887   4.344   0.927  47.370  10.980   0.896  64.752   0.741 0 0 1
1236 49   1403 1861.70    0.13   0.52    nan     nan    nan     nan     nan  12.787   0.586 -37.539     nan     nan     nan     nan     nan     nan     nan 1061926368969793 0 1
1236 49   2809 3737.61    0.13  -0.25  21.77   0.026 21.797  21.187  21.755   4.992   0.987 -51.019   5.769   0.977 -50.472  15.050   0.951 -54.526   0.058 1061926368970982 0 1
1236 49   2323 1280.62   -0.09  -0.08  20.10   0.026 20.443  19.637  20.358   7.969   0.686   6.070  10.487   0.635   6.207  35.191   0.586   5.498   0.504 0 0 1
1236 49   3762 1345.86   -1.00  -1.00   0.00   0.000  0.000   0.000   0.000   0.000   0.000   0.000   0.000   0.000   0.000   0.000   0.000   0.000   0.000 -1 -1 -1
1236 49   2965 3147.24    0.06  -0.15  20.44   0.026 20.841  20.187  20.710   5.461   0.885   8.959   6.781   0.842   5.860  18.467   0.805   4.419   0.665 1061926368970614 0 1
1236 49   2873  466.85   -0.00  -0.03  19.84   0.025 20.441  19.753  20.251   6.045   0.816  11.733   8.231   0.761   8.729  23.080   0.730   6.686   0.904 0 0 1
1236 49   4155 1119.32   -0.06   0.08  21.34   0.026 22.006  21.252  21.776   6.743   0.694  45.962   8.605   0.616  45.058  26.324   0.575  44.336   0.916 0 0 1
1236 49    815 1609.93    0.05  -0.04  21.18   0.026 21.399  21.077  21.257   3.459   0.874  19.349   3.480   0.790  16.502   5.644   0.772  14.395   0.702 1061926368969671 0 1
1236 49   3176 2158.47   -1.00  -1.00   0.00   0.000  0.000   0.000   0.000   0.000   0.000   0.000   0.000   0.000   0.000   0.000   0.000   0.000   0.000 -1 -1 -1
1236 49   4970 1234.36   -1.00  -1.00   0.00   0.000  0.000   0.000   0.000   0.000   0.000   0.000   0.000   0.000   0.000   0.000   0.000   0.000   0.000 -1 -1 -1
1236 49   2371  317.75   -1.00  -1.00   0.00   0.000  0.000   0.000   0.000   0.000   0.000   0.000   0.000   0.000   0.000   0.000   0.000   0.000   0.000 -1 -1 -1
1236 49   3780 3240.51    0.04  -0.14  21.00   0.026 21.267  20.921  21.126   3.701   0.853  25.877   3.897   0.758  24.341   6.760   0.704  24.841   0.772 0 2 1
1236 49    178 1049.42   -0.07  -0.14  21.37   0.026 21.650  21.158  21.551   4.801   0.763  28.248   5.528   0.682  27.155  12.052   0.654  26.268   0.602 0 0 1
1236 49    337  988.01    0.04  -0.01  22.83   0.030 22.833  22.409     nan   4.283   0.787  38.327   4.575   0.675  39.325   9.602   0.575  40.257   0.000 0 0 1
1236 49   1000   23.41    0.44  -0.41    nan     nan    nan     nan  20.452   4.589   0.753  19.219     nan     nan     nan     nan     nan     nan     nan 0 2 1
1236 49   4293 2255.39   -0.03  -0.02  20.12   0.026 20.219  19.778  20.166   4.652   0.872  23.277   5.277   0.828  21.672  10.844   0.804  20.063   0.243 0 0 1
1236 49   1334  820.74    0.02   0.16  20.25   0.026 20.832  20.012  20.647   6.973   0.871   2.004   8.955   0.866   3.979  29.213   0.854   1.699   0.777 0 0 1
1236 49   3293  544.71    0.21   0.61  21.97   0.026 22.523  21.693  22.419   5.703   0.941 -25.577   7.048   0.930  -6.454  23.185   0.912   6.350   0.742 0 0 1
1236 49   3955 3190.15    0.31   0.15  21.09   0.026 21.524  20.733  21.432   6.686   0.758   3.132   8.448   0.721   3.098  27.000   0.696   2.184   0.630 0 0 1
1236 49   1792 2224.75   -1.00  -1.00   0.00   0.000  0.000   0.000   0.000   0.000   0.000   0.000   0.000   0.000   0.000   0.000   0.000   0.000   0.000 -1 -1 -1
1236 49   3768 1526.20   -1.00  -1.00   0.00   0.000  0.000   0.000   0.000   0.000   0.000   0.000   0.000   0.000   0.000   0.000   0.000   0.000   0.000 -1 -1 -1
1236 49    776 1352.96   -0.03   0.25  23.86   0.047 23.864  23.343  23.116   4.940   0.635  48.979   5.609   0.500  51.724  13.663   0.404  52.933   0.000 0 0 1
1236 49   3043 3948.70    0.05   0.23  22.42   0.028 22.518  22.097  22.590   4.472   0.729  46.648   4.871   0.603  45.324   9.929   0.530  44.067   0.254 0 0 1
1236 49   4192 3491.53    0.09  -0.06  21.05   0.026 21.586  20.686  21.575   7.907   0.770  20.178  10.043   0.791  21.099  35.116   0.822  20.717   0.685 0 3 1
1236 49   3868 1793.19   -1.00  -1.00   0.00   0.000  0.000   0.000   0.000   0.000   0.000   0.000   0.000   0.000   0.000   0.000   0.000   0.000   0.000 -1 -1 -1
1236 49   1483  880.51    0.01   0.00  20.50   0.025 21.032  20.442  20.806   4.690   0.930  60.073   5.787   0.898  56.644  14.078   0.884  54.712   0.913 0 3 1
1236 49     28 2901.70    0.06  -0.05  20.54   0.026 21.095  20.533  20.867   4.622   0.793  15.090   5.534   0.762  13.616  12.581   0.783   8.523   0.987 0 3 1
1236 49   4054  346.54    0.11  -0.22  20.89   0.025 21.179  20.593  21.093   5.357   0.772   9.456   6.547   0.695   7.231  16.685   0.637   4.985   0.540 0 0 1
1236 49    638 1624.60    0.19  -0.05  21.13   0.026 21.650  20.968  21.565   5.427   0.844  17.873   6.715   0.792  16.941  18.838   0.750  13.920   0.804 0 0 1
1236 49   1945 3008.05   -1.00  -1.00   0.00   0.000  0.000   0.000   0.000   0.000   0.000   0.000   0.000   0.000   0.000   0.000   0.000   0.000   0.000 -1 -1 -1
1236 49   4563  714.26    0.11  -0.02  21.58   0.026 22.156  21.527  21.916   5.063   0.909  72.123   6.099   0.844  69.943  15.828   0.803  67.664   0.939 0 0 1
1236 49   2013  600.96    0.12  -0.04  21.04   0.026 21.194  20.385  21.151   7.096   0.734  38.228   9.003   0.687  37.576  29.800   0.660  36.933   0.243 0 0 1
1236 49   1816 1535.21    0.37   0.70  22.44   0.028 22.508  22.107  22.464   4.088   0.843  15.094   4.325   0.741  11.085   8.386   0.693   8.086   0.186 1061926368969622 0 1
1236 49   1982 1303.84   -1.22  -0.78  23.43   0.035 23.427  22.809  23.368   6.952   0.662  60.560   7.953   0.653  66.700  21.494   0.625  82.869   0.000 0 0 1
1236 49   1395 3137.89   -1.00  -1.00   0.00   0.000  0.000   0.000   0.000   0.000   0.000   0.000   0.000   0.000   0.000   0.000   0.000   0.000   0.000 -1 -1 -1
1236 49   3572 2865.65   -0.02  -0.19  21.01   0.026 21.374  20.712  21.269   5.308   0.905  42.576   6.436   0.867  41.878  17.580   0.840  41.625   0.607 0 0 1
1236 49    286 1951.78   -1.00  -1.00   0.00   0.000  0.000   0.000   0.000   0.000   0.000   0.000   0.000   0.000   0.000   0.000   0.000   0.000   0.000 -1 -1 -1
1236 49   3846  153.97   -1.00  -1.00   0.00   0.000  0.000   0.000   0.000   0.000   0.000   0.000   0.000   0.000   0.000   0.000   0.000   0.000   0.000 -1 -1 -1
1236 49   2772 2854.89   -0.11  -0.30  22.29   0.027 22.594  21.992  22.534   5.298   0.776  -1.844   6.087   0.738   3.306  15.491   0.706   8.656   0.558 1061926368970424 0 1
1236 49   2120 2466.12   -0.02  -0.04  20.86   0.026 21.138  20.757  20.997   3.753   0.908   3.110   4.045   0.853  -0.127   7.294   0.827  -4.693   0.763 0 0 1
1236 49   3723 3175.73    0.24  -0.10  23.57   0.042 23.598  23.255  23.564   3.730   0.864  24.718   3.516   0.801  27.915   6.088   0.760  39.268   0.092 0 0 1
1236 49   3277 3190.33    0.12   0.00    nan     nan    nan     nan  20.120   6.710   0.792  13.636     nan     nan     nan     nan     nan     nan     nan 1061926368970670 0 1
1236 49   3022 3833.92   -1.00  -1.00   0.00   0.000  0.000   0.000   0.000   0.000   0.000   0.000   0.000   0.000   0.000   0.000   0.000   0.000   0.000 -1 -1 -1
1236 49   2855 3498.45    0.00  -0.04    nan     nan    nan     nan  21.308   4.499   0.832   8.176     nan     nan     nan     nan     nan     nan     nan 1061926368970841 0 1
1236 49   1298 3311.90   -0.01  -0.07  20.75   0.026 21.029  20.662  20.904   3.952   0.821  20.429   4.362   0.726  21.321   7.820   0.681  20.738   0.768 0 0 1
1236 49   1009 2594.64   -0.37  -0.93  21.61   0.026 21.687  21.297  21.620   4.728   0.619  54.833   5.204   0.483  53.600  10.089   0.430  52.604   0.227 0 0 1
1236 49   4886 1190.96    0.01  -0.06  20.50   0.026 20.650  20.376  20.560   3.363   0.924  23.676   3.247   0.877  18.184   4.837   0.861  15.671   0.552 0 0 1
1236 49   2402 3889.18    0.76  -0.20  21.44   0.026 22.043  21.436  21.756   4.165   0.874 -79.247   5.386   0.736 -71.822  13.850   0.660 -67.221   1.000 1061926368971048 0 1
1236 49   4942 4071.28   -0.35  -1.56  22.73   0.030 22.733  22.569  22.815   3.612   0.641  80.146   3.430   0.376  80.237   4.454   0.302  78.591   0.000 0 0 1
1236 49   2482  965.39    0.00  -0.03  20.93   0.026 21.072  20.722  20.995   4.256   0.731  21.747   4.657   0.606  21.495   8.362   0.551  22.028   0.419 0 0 1
1236 49   3101 1266.85   -1.00  -1.00   0.00   0.000  0.000   0.000   0.000   0.000   0.000   0.000   0.000   0.000   0.000   0.000   0.000   0.000   0.000 -1 -1 -1
1236 49    112 2843.36    0.09  -0.10  23.16   0.034 23.391  22.953     nan   3.994   0.845  69.378   3.978   0.793  61.945   7.902   0.763  54.652   0.566 0 0 1
1236 49    406 2177.34   -1.00  -1.00   0.00   0.000  0.000   0.000   0.000   0.000   0.000   0.000   0.000   0.000   0.000   0.000   0.000   0.000   0.000 -1 -1 -1
