# FakeX    FakeY    DiffX   DiffY   CmodMag   CmodErr  ExpMag  DevMag  KronMag  SdssR  SdssBa  SdssPa  ExpR  ExpBa  ExpPa  DevR  DevBa  DevPa  fracDev  parentID  nChild  extended
1236 66     34 1040.12    0.14  -0.12  21.73   0.024 22.173  21.619  21.949   4.564   0.779  13.123   5.388   0.697  14.560  12.811   0.650  14.081   0.837 0 0 1
1236 66   2371 3033.01    0.19   0.65  23.17   0.031 23.174  22.648  23.298   4.179   0.925  70.481   4.515   0.922  70.258  10.534   0.908  44.896   0.000 1061999383414776 0 1
1236 66     24 2941.96   -0.09  -0.06  20.56   0.023 21.109  20.476  20.893   5.479   0.802  32.441   7.016   0.751  30.649  18.300   0.727  29.695   0.890 0 0 1
1236 66   4467 3302.82   -1.00  -1.00   0.00   0.000  0.000   0.000   0.000   0.000   0.000   0.000   0.000   0.000   0.000   0.000   0.000   0.000   0.000 -1 -1 -1
1236 66   2505 1147.16   -1.13  -0.88    nan     nan    nan     nan     nan   3.192   0.777  54.965     nan     nan     nan     nan     nan     nan     nan 0 0 1
1236 66    472 2872.57   -0.74  -0.52  20.21   0.023 20.485  19.820  20.431   6.395   0.840  31.105   7.990   0.812  30.364  22.252   0.793  28.378   0.481 1061999383414657 0 1
1236 66   2327 1005.52    0.01  -0.08  21.15   0.023 21.147  20.869  21.146   3.734   0.853  11.598   3.702   0.770  10.096   5.825   0.728   8.108   0.000 0 0 1
1236 66   3648 3418.16   -0.43  -0.03  22.72   0.027 22.944  22.291     nan   5.095   0.821   0.851   6.249   0.713   1.539  17.807   0.617  -0.504   0.412 1061999383415003 0 1
1236 66   4419 3640.45    0.06  -0.10  21.47   0.023 21.939  21.392  21.785   4.487   0.827   2.261   5.223   0.777   4.372  11.957   0.771   6.400   0.883 1061999383415119 0 1
1236 66   4621 2275.62    0.29  -0.47    nan     nan    nan     nan     nan   2.990   0.979 -78.439     nan     nan     nan     nan     nan     nan     nan 0 3 1
1236 66   2836 1436.99   -0.33  -0.12    nan     nan    nan     nan     nan   3.066   0.832  14.463     nan     nan     nan     nan     nan     nan     nan 0 0 1
1236 66    895 2553.62    0.48  -0.84  22.28   0.025 22.425  21.766  22.311   5.510   0.672   1.730   6.504   0.612  -0.295  17.997   0.574  -2.267   0.265 0 0 1
1236 66   2912  746.79    0.24   0.20  22.44   0.025 22.440  21.698  22.491   6.358   0.745  10.080   7.639   0.706  11.796  23.434   0.685  14.226   0.000 0 0 1
1236 66   2878 1495.46   -0.02  -1.05  23.68   0.043 23.754  23.391  23.602   3.962   0.705  55.936   4.171   0.504  54.636   7.933   0.405  54.732   0.223 1061999383413710 0 1
1236 66   1523 1261.51    0.08  -0.28  20.82   0.023 21.060  20.250  20.994   6.460   0.845  49.080   8.219   0.812  47.522  27.154   0.783  46.970   0.368 0 0 1
1236 66   1457 1482.20   -0.03  -0.00  20.17   0.023 20.778  20.110  20.550   6.269   0.716   1.444   8.428   0.648   2.475  23.273   0.609   1.930   0.922 0 2 1
1236 66   2965 2803.75    0.04   0.11  20.27   0.023 20.722  20.025  20.612   5.740   0.952  36.509   7.220   0.946  22.945  20.448   0.940  21.583   0.702 0 2 1
1236 66   2121 3562.94   -0.05  -1.20    nan     nan    nan     nan     nan   3.216   0.749  39.319     nan     nan     nan     nan     nan     nan     nan 1061999383415080 0 1
1236 66   1932  499.80   -0.00  -0.01  21.41   0.023 21.408  20.637  21.379   6.854   0.676  -2.402   8.687   0.604  -2.574  28.219   0.554  -2.710   0.000 0 0 1
1236 66   4436 3424.84    0.49  -0.62  22.38   0.025 22.377  21.702  22.424   5.180   0.872 -65.648   5.960   0.855 -60.924  16.931   0.820 -57.564   0.000 1061999383415003 0 1
1236 66   2339  695.21    0.18   0.59  21.30   0.023 21.793  20.888  21.510   6.568   0.940  68.530   8.496   0.926  61.043  30.425   0.923  65.741   0.641 0 0 1
1236 66   4813 3677.97   -1.00  -1.00   0.00   0.000  0.000   0.000   0.000   0.000   0.000   0.000   0.000   0.000   0.000   0.000   0.000   0.000   0.000 -1 -1 -1
1236 66   2321 2208.02   -0.31  -0.10  21.74   0.023 22.172  21.625  22.116   4.746   0.815  20.723  13.433   0.322  78.917  28.702   0.402  78.780   0.818 0 3 1
1236 66   1570 3606.44   -0.19   0.08  22.24   0.024 22.571  21.835  22.582   5.474   0.874 -35.171   6.687   0.834 -29.666  20.276   0.787 -30.313   0.530 1061999383415109 0 1
1236 66   4669   20.85    0.16   0.15    nan     nan    nan     nan     nan   5.811   0.692  37.397     nan     nan     nan     nan     nan     nan     nan 0 0 1
1236 66   4595 4116.63    0.09   0.19  22.46   0.025 22.732  22.145     nan   5.146   0.785  42.233   5.953   0.688  39.125  15.265   0.611  36.921   0.525 0 0 1
1236 66   2318 1538.71    0.50   0.29  21.64   0.023 22.098  21.387     nan   5.699   0.862  36.813   7.203   0.803  34.532  21.145   0.758  34.412   0.701 1061999383413730 0 1
1236 66   3655 1773.96   -1.00  -1.00   0.00   0.000  0.000   0.000   0.000   0.000   0.000   0.000   0.000   0.000   0.000   0.000   0.000   0.000   0.000 -1 -1 -1
1236 66   4075 3351.98    0.01  -0.06    nan     nan    nan     nan  20.066   3.477   0.897  21.384     nan     nan     nan     nan     nan     nan     nan 1061999383414948 0 1
1236 66    520 1981.45    0.13   0.28  22.47   0.025 23.152  22.468  22.978   5.846   0.635  40.076   6.928   0.543  36.636  19.749   0.478  35.630   1.000 0 0 1
1236 66    242  160.40    0.55   0.06  21.25   0.023 21.653  20.922  21.475   6.418   0.791  11.498   7.943   0.757  12.406  23.857   0.723  11.974   0.618 1061999383412834 0 1
1236 66   2973 2413.38    0.08  -0.07  20.09   0.023 20.491  19.952  20.342   4.724   0.917  15.325   5.796   0.892  16.114  13.285   0.882  16.435   0.779 1061999383414350 0 1
1236 66   3439 2757.13    0.12   0.02  20.54   0.023 20.858  20.153  20.732   6.890   0.674  31.728   8.630   0.621  31.506  25.422   0.583  30.954   0.525 1061999383414579 0 1
1236 66    351 3546.47    0.26  -0.19    nan     nan    nan     nan  20.196   5.115   0.691   0.694     nan     nan     nan     nan     nan     nan     nan 1061999383415087 0 1
1236 66   4557 1234.99   -0.50  -0.03  22.50   0.025 22.915  22.242  22.810   4.951   0.834  43.864   5.874   0.752  42.933  16.307   0.705  42.600   0.687 0 0 1
1236 66   4339 1780.21   -1.00  -1.00   0.00   0.000  0.000   0.000   0.000   0.000   0.000   0.000   0.000   0.000   0.000   0.000   0.000   0.000   0.000 -1 -1 -1
1236 66   2585 4009.87    0.25   0.72  21.87   0.023 22.427  21.509  21.960   8.130   0.868  -4.414  10.524   0.853  -8.733  38.666   0.839  -9.274   0.690 0 0 1
1236 66   1377 1111.46   -0.51   0.14  22.60   0.026 23.203  22.604  23.132   5.251   0.810 -21.174   5.874   0.748 -13.687  14.541   0.692 -12.617   1.000 0 0 1
1236 66   2097   76.45   -0.07   0.04  21.53   0.023 21.735  21.029  21.683   5.334   0.903  27.638   6.343   0.913  30.418  17.976   0.935  27.464   0.351 1061999383412779 0 1
1236 66     21 1634.43    0.21  -0.04  22.01   0.024 22.395  21.991  22.146   3.973   0.714 -14.783   4.278   0.575 -12.118   8.006   0.547  -9.597   0.967 0 0 1
1236 66    850 3484.92    0.20  -0.48  23.70   0.047 23.989  23.697  23.685   2.987   0.936  42.827   2.643   0.835  40.755   4.144   0.765  44.333   1.000 1061999383415043 0 1
1236 66   3698 2471.92   -0.29  -0.26  22.28   0.024 22.829  22.103  22.783   6.637   0.792  12.734   7.979   0.794  15.418  23.148   0.798  12.820   0.802 1061999383414395 0 1
1236 66   4189 2666.97    0.03  -0.02  20.10   0.023 20.899  20.097  20.534   5.509   0.826  53.798   7.110   0.847  52.961  21.157   0.914  22.687   1.000 0 2 1
1236 66   1042 1120.64   -0.23  -0.46  22.66   0.026 23.004  22.363  23.013   4.976   0.842  26.537   5.755   0.755  19.020  15.611   0.684  13.645   0.600 0 0 1
1236 66    980  820.27   -0.68  -0.27  19.92   0.023 20.492  19.780  20.317   6.139   0.811  12.891   8.143   0.773  13.026  23.486   0.754  13.035   0.839 0 4 1
1236 66   2677  702.59   -1.00  -1.00   0.00   0.000  0.000   0.000   0.000   0.000   0.000   0.000   0.000   0.000   0.000   0.000   0.000   0.000   0.000 -1 -1 -1
1236 66    262 2190.78    0.08  -0.04  21.20   0.023 21.378  21.101  21.273   3.227   0.935  27.613   3.052   0.883  25.017   4.561   0.868  24.638   0.661 0 0 1
1236 66    286 1550.77   -1.00  -1.00   0.00   0.000  0.000   0.000   0.000   0.000   0.000   0.000   0.000   0.000   0.000   0.000   0.000   0.000   0.000 -1 -1 -1
1236 66   2422 1843.07    0.14  -0.13  19.51   0.023 20.133  19.276  19.993   7.657   0.873  -4.387  10.457   0.870  -2.513  36.042   0.847  -2.528   0.787 0 4 1
1236 66   4836  655.90    0.06  -0.10  20.45   0.023 20.806  20.035  20.712   6.703   0.763  47.758   8.604   0.721  48.575  27.121   0.691  49.074   0.546 1061999383413129 0 1
1236 66   1576 3382.99   -0.70   0.69  22.09   0.024 22.153  21.512  22.024   4.870   0.862 -22.981   5.680   0.803 -23.693  15.649   0.737 -24.378   0.122 1061999383414976 0 1
1236 66   2800 3977.69   -1.03  -0.79    nan     nan    nan     nan     nan   3.491   0.881  28.727     nan     nan     nan     nan     nan     nan     nan 0 0 1
1236 66   4195  679.70    0.06  -0.03  20.63   0.023 21.144  20.516  20.966   5.461   0.805  41.106   6.862   0.746  39.889  17.819   0.719  38.320   0.846 1061999383413144 0 1
1236 66   1234 2670.30    0.29   0.21    nan     nan    nan     nan     nan   3.119   0.903  -4.859     nan     nan     nan     nan     nan     nan     nan 1061999383414531 0 1
1236 66   2564 2850.65   -0.04   0.35  20.28   0.023 20.720  19.968  20.619   6.752   0.770   9.306   8.819   0.718   9.486  27.448   0.674   8.572   0.655 0 0 1
1236 66   3686 2738.31    0.18  -0.19  21.87   0.024 22.585  21.867  22.323   5.595   0.727 -27.539   6.887   0.675 -27.052  19.608   0.641 -27.797   1.000 0 0 1
1236 66   4702 2146.04   -0.11  -0.17  20.43   0.023 21.142  20.427  20.914   6.587   0.691  43.751   9.108   0.634  44.281  26.006   0.620  45.461   1.000 1061999383414174 0 1
1236 66   4773 1795.63   -1.07  -0.51  24.41   0.076 24.406  24.163  24.112   4.168   0.503   5.056   4.382   0.211   3.250   6.515   0.205   2.316   0.000 1061999383413922 0 1
1236 66    738  828.80    0.06  -0.10  22.16   0.025 22.564  22.132  22.394   3.670   0.931  80.422   3.863   0.874  81.092   7.513   0.842  85.977   0.951 0 0 1
1236 66   4584 2034.43   -0.06  -0.02  22.56   0.026 22.802  22.341  22.514   4.059   0.869   5.752   4.376   0.786   4.049   9.147   0.738   3.695   0.574 0 0 1
