# FakeX    FakeY    DiffX   DiffY   CmodMag   CmodErr  ExpMag  DevMag  KronMag  SdssR  SdssBa  SdssPa  ExpR  ExpBa  ExpPa  DevR  DevBa  DevPa  fracDev  parentID  nChild  extended
1236 25   2625  207.44   -0.09   0.01  21.51   0.019 21.794  21.130  21.662   5.712   0.757  12.915   6.928   0.717  14.520  18.846   0.711  13.100   0.491 1061823289753716 0 1
1236 25    608 1496.72    0.01  -0.05  20.94   0.018 21.233  20.416  21.209   7.689   0.794  30.886   9.843   0.765  30.341  32.892   0.743  30.494   0.440 1061823289754416 0 1
1236 25   1391 3257.93    0.24  -0.00  20.22   0.018 20.682  20.057  20.500   5.925   0.750  -0.089   7.393   0.713  -0.572  19.243   0.686  -1.459   0.779 1061823289755476 0 1
1236 25   2234 2633.95   -1.00  -1.00   0.00   0.000  0.000   0.000   0.000   0.000   0.000   0.000   0.000   0.000   0.000   0.000   0.000   0.000   0.000 -1 -1 -1
1236 25   2585 3984.18   -0.33   0.72    nan     nan    nan     nan     nan   3.169   0.919  42.613     nan     nan     nan     nan     nan     nan     nan 1061823289755871 0 1
1236 25   2151  292.23   -0.12  -0.54  22.31   0.020 22.749  22.039  22.420   5.791   0.758  19.490   7.107   0.701  21.161  20.425   0.687  20.202   0.679 1061823289753750 0 1
1236 25   3060 3603.31   -0.00  -0.10  20.64   0.018 20.987  20.227  20.937   6.395   0.851  10.963   7.951   0.827  10.373  24.539   0.803   8.146   0.526 0 0 1
1236 25   1454  154.91   -0.10  -0.08  21.30   0.019 21.911  21.253  21.723   5.966   0.675  24.353   7.477   0.614  25.357  20.174   0.582  24.816   0.941 0 0 1
1236 25   3539  628.44   -0.39  -0.44  21.21   0.018 21.916  21.078  21.415   5.872   0.910  82.444   7.777   0.861  73.349  25.892   0.833  71.396   0.888 1061823289753953 0 1
1236 25    615 4122.69    0.30   0.31  19.43   0.018 20.315  19.343  19.838  10.087   0.709  16.354  14.639   0.678  14.595  56.623   0.659  13.555   0.932 0 4 1
1236 25   4784 3036.33   -1.00  -1.00   0.00   0.000  0.000   0.000   0.000   0.000   0.000   0.000   0.000   0.000   0.000   0.000   0.000   0.000   0.000 -1 -1 -1
1236 25    867  943.64    0.33  -0.03  21.68   0.019 22.238  21.513  21.945   5.234   0.837   1.900   6.381   0.795   2.167  18.649   0.763   3.145   0.820 0 0 1
1236 25    542 3217.10    0.20   0.05  20.76   0.018 21.435  20.743  21.185   5.896   0.800  30.346   7.491   0.767  32.406  20.564   0.766  28.906   0.979 0 0 1
1236 25   2434 3991.25   -0.05  -0.08  21.90   0.020 22.183  21.817  22.040   3.837   0.863   6.926   3.866   0.835   9.320   6.786   0.814  10.044   0.782 0 0 1
1236 25    339 1608.94    0.03  -0.16  21.42   0.019 21.627  21.377  21.501   3.137   0.903   0.331   2.792   0.850  -0.554   3.949   0.823  -2.473   0.828 1061823289754496 0 1
1236 25   2963 3175.44    0.30  -0.22    nan     nan    nan     nan     nan   2.996   0.832  55.313     nan     nan     nan     nan     nan     nan     nan 0 0 1
1236 25   3173  738.43    0.03  -0.09  20.99   0.019 21.404  20.828  21.154   5.198   0.767  24.860   6.266   0.705  25.872  15.276   0.672  25.573   0.769 1061823289753975 0 1
1236 25   2437 1137.91   -0.19  -0.09  21.86   0.020 22.131  21.827  21.965   3.327   0.870  -0.469   3.206   0.790  -0.032   5.017   0.765  -3.142   0.896 0 0 1
1236 25   1370 2882.89   -0.14  -0.23  20.79   0.018 21.356  20.637  21.187   6.631   0.704  26.476   8.346   0.672  27.904  24.275   0.650  27.911   0.834 0 0 1
1236 25   1300 1530.94   -0.03  -0.06  20.42   0.018 20.475  20.201  20.444   3.944   0.757  28.802   4.044   0.624  29.754   6.340   0.567  30.063   0.202 1061823289754437 0 1
1236 25   4299 3649.48    0.48  -0.62  23.07   0.029 23.565  23.074     nan   4.586   0.841 -39.065   4.846   0.773 -40.522  10.912   0.640 -37.773   1.000 1061823289755676 0 1
1236 25   3200 1029.84   -0.09  -0.07  20.16   0.018 20.543  19.878  20.430   6.103   0.766   5.148   7.788   0.719   4.652  21.640   0.686   3.713   0.634 0 0 1
1236 25   1874  889.59   -0.15  -0.38  22.04   0.020 22.486  22.038  22.244   4.393   0.720  31.377   5.019   0.605  33.362  10.083   0.569  33.886   1.000 1061823289754071 0 1
1236 25   2147  264.28    0.16   0.06  21.35   0.019 21.916  21.189  21.780   6.152   0.718  35.311   7.754   0.655  36.000  22.629   0.638  35.808   0.825 0 0 1
1236 25    290  951.03   -0.69  -1.06  21.53   0.019 22.308  21.430  21.728   6.030   0.901  -7.387   8.339   0.825 -10.776  29.463   0.771 -10.679   0.915 1061823289754113 0 1
1236 25   3281 2467.44   -0.23  -0.27  20.70   0.018 21.146  20.622  20.962   5.032   0.773   1.117   6.161   0.716   2.691  13.970   0.682   3.092   0.864 1061823289755012 0 1
1236 25   2779  722.61   -0.14  -0.41  23.05   0.027 23.366  22.696     nan   5.317   0.953  62.571   5.860   0.882  72.639  15.499   0.913  79.310   0.538 0 0 1
1236 25   4573  467.14   -0.22  -0.30  21.54   0.019 22.076  21.361  21.859   5.927   0.734  -2.729   7.305   0.683  -2.103  21.216   0.654  -2.571   0.797 0 2 1
1236 25    192 3492.63    0.01   0.05  23.23   0.032 23.268  22.988  23.216   3.809   0.705  29.974   3.898   0.520  30.237   6.434   0.415  28.899   0.153 0 0 1
1236 25   2724  270.76    0.02   0.15  21.28   0.018 21.552  20.919  21.485   5.205   0.874  21.325   6.157   0.844  20.905  16.093   0.837  21.130   0.495 1061823289753750 0 1
1236 25   2242  778.50   -1.00  -1.00   0.00   0.000  0.000   0.000   0.000   0.000   0.000   0.000   0.000   0.000   0.000   0.000   0.000   0.000   0.000 -1 -1 -1
1236 25   1082 1023.49   -0.09  -0.04  21.72   0.019 22.030  21.677  21.882   3.664   0.852  10.107   3.743   0.788  11.447   6.406   0.766   9.928   0.881 0 0 1
1236 25    244  682.88   -1.00  -1.00   0.00   0.000  0.000   0.000   0.000   0.000   0.000   0.000   0.000   0.000   0.000   0.000   0.000   0.000   0.000 -1 -1 -1
1236 25   2746 2519.65   -0.52   0.31    nan     nan    nan     nan     nan   3.292   0.855  51.489     nan     nan     nan     nan     nan     nan     nan 1061823289755039 0 1
1236 25   4031 3264.01   -0.25   0.10  21.52   0.019 21.829  21.073  21.775   5.691   0.935 -20.911   6.834   0.929 -20.234  20.766   0.917 -15.378   0.478 0 0 1
1236 25   2801 1308.79   -0.10  -0.24  21.34   0.019 22.103  21.341  21.747   4.504   0.800  30.135   6.478   0.622  48.046  21.620   0.443  55.245   1.000 0 3 1
1236 25    279 4099.62   -0.04  -0.18  19.70   0.019 20.261  19.678  19.757   3.634   0.791  31.644   3.811   0.678  31.261   9.222   0.648  -8.252   0.964 0 2 1
1236 25     51 1551.63    0.47   0.55    nan     nan    nan     nan     nan   3.423   0.851  30.392     nan     nan     nan     nan     nan     nan     nan 0 0 1
1236 25    655 3200.67    0.17  -0.29    nan     nan    nan     nan     nan   3.466   0.806 -16.531     nan     nan     nan     nan     nan     nan     nan 1061823289755443 0 1
1236 25    910 3853.41   -0.95   0.55  22.62   0.022 22.817  22.015  22.674   8.482   0.672  36.161  10.272   0.661  40.401  33.110   0.665  43.246   0.312 0 0 1
1236 25    186 2430.54   -1.00  -1.00   0.00   0.000  0.000   0.000   0.000   0.000   0.000   0.000   0.000   0.000   0.000   0.000   0.000   0.000   0.000 -1 -1 -1
1236 25   2644 1813.37   -1.00  -1.00   0.00   0.000  0.000   0.000   0.000   0.000   0.000   0.000   0.000   0.000   0.000   0.000   0.000   0.000   0.000 -1 -1 -1
1236 25   1321  922.10   -0.00   0.68  23.00   0.027 23.587  22.998  23.171   9.464   0.349  19.616   6.238   0.552  28.689  16.528   0.425  23.807   1.000 0 0 1
1236 25    603  175.71    0.05   0.29  22.55   0.021 22.548  21.803  22.576   6.827   0.672  16.782   8.193   0.633  17.354  24.734   0.635  17.410   0.000 0 0 1
1236 25   4317 1661.06    0.02  -0.18  19.85   0.018 20.534  19.650  20.362   7.719   0.853   7.730  10.460   0.831  10.246  36.889   0.809   9.478   0.830 0 2 1
1236 25   2958 1574.26   -0.00  -0.02  20.67   0.018 20.737  20.292  20.700   5.030   0.758  31.417   5.723   0.678  32.359  11.971   0.643  33.361   0.160 1061823289754471 0 1
1236 25    749 2203.52    0.05  -0.02  19.94   0.018 20.313  19.719  20.190   5.533   0.816  39.406   6.973   0.761  41.637  17.475   0.737  41.935   0.681 1061823289754868 0 1
1236 25   4377 3162.93   -0.05  -0.11  20.03   0.018 20.206  19.859  20.105   3.807   0.920  29.481   3.972   0.891  33.888   6.747   0.885  34.170   0.529 0 0 1
1236 25   4951 2237.98    0.37  -0.66  24.03   0.056 24.025  23.650     nan   4.169   0.843  52.319   3.672   0.860  20.939   6.896   0.776  30.157   0.000 1061823289754888 0 1
1236 25   3322  421.26   -0.01  -0.26  22.09   0.020 22.593  22.043     nan   4.682   0.816  19.871   6.173   0.643  29.951  14.501   0.608  28.936   0.933 0 3 1
1236 25   1519   94.84    0.12  -0.28  21.86   0.019 22.563  21.857  22.244   6.508   0.926 -40.889   7.266   0.950 -12.904  20.469   0.932   1.672   1.000 0 0 1
1236 25    620 2903.56   -1.00  -1.00   0.00   0.000  0.000   0.000   0.000   0.000   0.000   0.000   0.000   0.000   0.000   0.000   0.000   0.000   0.000 -1 -1 -1
1236 25    806 1536.17    0.63  -0.02  20.25   0.018 20.249  19.553  20.225   6.756   0.734  19.882   8.548   0.676  20.164  25.709   0.620  20.173   0.000 0 0 1
1236 25   2336 3253.27    0.45  -0.27  22.03   0.019 22.416  21.678  22.382   8.566   0.791  60.084  10.526   0.767  58.747  31.967   0.760  57.981   0.589 0 2 1
1236 25   4368 3335.45   -0.05   0.05  23.59   0.041 23.587  23.289  23.417   3.795   0.735  11.316   3.732   0.544  10.916   6.444   0.429  11.762   0.000 0 0 1
1236 25   1905 2982.43    0.01  -0.15  21.08   0.018 21.302  20.997  21.161   3.535   0.864  29.769   3.508   0.787  32.035   5.510   0.774  33.074   0.722 0 0 1
1236 25   2628  783.79   -0.07  -0.01    nan     nan    nan     nan     nan   2.965   0.968  82.068     nan     nan     nan     nan     nan     nan     nan 1061823289754015 0 1
1236 25   1890 3083.81   -0.03  -0.07  19.95   0.018 20.407  19.878  20.221   4.636   0.903   3.191   5.698   0.875   2.690  12.807   0.855   1.275   0.872 0 0 1
1236 25   2495 2531.94   -0.07  -0.17  20.56   0.018 21.054  20.432  20.849   6.054   0.699  33.312   7.598   0.631  34.708  19.671   0.602  35.395   0.832 1061823289755040 0 1
1236 25   1029 2342.26   -0.01   0.04  20.01   0.018 20.403  19.762  20.292   6.687   0.684  19.903   8.729   0.619  20.034  23.866   0.572  19.866   0.672 0 0 1
