# FakeX    FakeY    DiffX   DiffY   CmodMag   CmodErr  ExpMag  DevMag  KronMag  SdssR  SdssBa  SdssPa  ExpR  ExpBa  ExpPa  DevR  DevBa  DevPa  fracDev  parentID  nChild  extended
1236 35   2625  207.44   -0.23  -0.11  21.55   0.018 21.807  21.190  21.752   5.715   0.748  23.909   6.793   0.699  24.147  17.693   0.670  22.714   0.468 1061866239426675 0 1
1236 35    608 1496.72   -1.00  -1.00   0.00   0.000  0.000   0.000   0.000   0.000   0.000   0.000   0.000   0.000   0.000   0.000   0.000   0.000   0.000 -1 -1 -1
1236 35   1391 3257.93   -0.02  -0.09  19.80   0.017 20.530  19.805  20.247   5.721   0.803  -2.952   8.029   0.910 -10.286  22.712   0.915  -6.628   1.000 0 2 1
1236 35   2234 2633.95    1.16  -0.98    nan     nan    nan     nan     nan   3.245   0.934  28.839     nan     nan     nan     nan     nan     nan     nan 1061866239428040 0 1
1236 35   2585 3984.18    0.01  -0.74    nan     nan    nan     nan     nan   3.240   0.896  -7.737     nan     nan     nan     nan     nan     nan     nan 0 0 1
1236 35   2151  292.23    0.02  -0.50    nan     nan    nan     nan     nan   3.079   0.913 -62.618     nan     nan     nan     nan     nan     nan     nan 1061866239426720 0 1
1236 35   3060 3603.31    0.06  -0.02  20.75   0.017 21.041  20.339  20.959   6.008   0.854   6.848   7.425   0.814   2.205  21.616   0.782  -5.193   0.483 1061866239428564 0 1
1236 35   1454  154.91   -0.14   0.01  21.43   0.018 21.988  21.345  21.845   5.350   0.795  33.314   6.387   0.752  34.311  16.687   0.734  32.707   0.897 0 0 1
1236 35   3539  628.44   -0.03  -0.39  24.68   0.118 24.682  24.682  24.733   1.894   0.870  46.757   0.018   0.753   4.315   0.007   0.562   1.091   1.000 1061866239426892 0 0
1236 35    615 4122.69   -0.70  -0.69  20.25   0.017 20.642  19.799  20.564   8.340   0.708  20.489  10.962   0.681  20.198  37.544   0.665  20.407   0.550 1061866239428906 0 1
1236 35   4784 3036.33    0.00  -0.06  21.40   0.018 21.766  21.086  21.613   5.917   0.741  13.457   7.121   0.686  12.162  20.101   0.644  11.206   0.610 0 0 1
1236 35    867  943.64    0.06  -0.01  21.26   0.018 22.126  21.260  21.829   5.407   0.916 -14.610   7.250   0.871 -20.639  24.677   0.826 -20.479   1.000 0 0 1
1236 35    542 3217.10   -0.30   0.39  20.91   0.018 21.434  20.744  21.202   5.327   0.886  26.932   6.643   0.855  23.126  18.666   0.827  18.576   0.802 0 0 1
1236 35   2434 3991.25   -0.05  -0.29  21.99   0.019 22.203  21.838  22.065   3.633   0.902  55.120   3.466   0.921  56.976   5.955   0.941  81.708   0.601 1061866239428807 0 1
1236 35    339 1608.94   -0.00  -0.04  21.41   0.018 21.626  21.307  21.508   3.460   0.917  27.733   3.392   0.873  19.610   5.462   0.862  14.392   0.692 0 0 1
1236 35   2963 3175.44    0.13  -1.20  23.22   0.027 23.218  22.498  23.274   7.116   0.754  20.333   8.584   0.729  11.712  25.122   0.774  -4.272   0.000 0 0 1
1236 35   3173  738.43    0.02  -0.16  20.95   0.018 21.451  20.850  21.270   5.147   0.770  36.396   6.348   0.700  37.160  15.981   0.663  36.340   0.867 0 0 1
1236 35   2437 1137.91    0.10  -0.37  21.98   0.019 22.223  21.930  22.066   3.073   0.975  51.577   2.727   0.961  -9.972   4.485   0.805 -16.955   0.838 0 2 1
1236 35   1370 2882.89    0.11  -0.09  21.13   0.018 21.548  20.868  21.411   5.533   0.805  23.776   6.679   0.772  22.284  18.642   0.742  20.245   0.671 1061866239428167 0 1
1236 35   1300 1530.94   -0.02  -0.11  20.46   0.017 20.514  20.240  20.471   3.892   0.754  31.804   3.938   0.630  30.189   6.143   0.576  29.300   0.217 1061866239427418 0 1
1236 35   4299 3649.48    0.42   0.27  23.19   0.032 23.603  23.186  23.321   3.774   0.899   8.564   3.642   0.856  11.850   6.779   0.855  12.929   1.000 0 0 1
1236 35   3200 1029.84    0.05   0.08  20.17   0.017 20.518  19.892  20.432   6.005   0.796   4.720   7.625   0.732   2.410  20.411   0.680   1.855   0.613 1061866239427113 0 1
1236 35   1874  889.59    0.19  -0.38  22.02   0.019 22.382  21.796  22.171   4.520   0.769  29.827   5.284   0.686  30.628  13.130   0.640  31.110   0.676 0 0 1
1236 35   2147  264.28    0.31  -0.04  20.79   0.017 21.578  20.768  21.363   9.582   0.571  30.435  11.751   0.559  31.073  37.414   0.554  32.092   0.983 0 3 1
1236 35    290  951.03    0.08  -0.17  22.19   0.020 22.860  22.194  22.520   4.866   0.872  17.812   5.430   0.866  22.031  14.177   0.881  25.553   1.000 0 0 1
1236 35   3281 2467.44   -0.15  -0.09  20.52   0.017 21.103  20.513  20.852   4.797   0.857   5.324   6.093   0.802   2.117  14.903   0.772  -0.619   0.991 0 0 1
1236 35   2779  722.61   -0.34  -0.94    nan     nan    nan     nan     nan   3.243   0.852  36.782     nan     nan     nan     nan     nan     nan     nan 0 0 1
1236 35   4573  467.14    0.09  -0.15  21.34   0.018 21.925  21.192  21.818   6.795   0.724   6.087   8.840   0.644   5.146  26.267   0.618   4.855   0.846 0 2 1
1236 35    192 3492.63   -0.04  -0.50  23.27   0.034 23.337  23.062  23.288   3.670   0.767  32.596   3.519   0.625  32.539   5.423   0.584  34.237   0.268 0 0 1
1236 35   2724  270.76   -0.15  -0.11  20.89   0.017 21.540  20.730  21.323   5.149   0.888  11.764   6.067   0.930  25.525  20.071   0.854  70.167   0.845 0 2 1
1236 35   2242  778.50   -1.00  -1.00   0.00   0.000  0.000   0.000   0.000   0.000   0.000   0.000   0.000   0.000   0.000   0.000   0.000   0.000   0.000 -1 -1 -1
1236 35   1082 1023.49   -0.28   0.11  21.13   0.018 21.977  20.954  21.802   3.672   0.913 -24.419   3.864   0.821 -23.184  25.053   0.289  -4.399   0.861 0 2 1
1236 35    244  682.88   -0.22  -1.50    nan     nan    nan     nan     nan   3.139   0.875  61.134     nan     nan     nan     nan     nan     nan     nan 0 0 1
1236 35   2746 2519.65   -0.26   0.35  22.08   0.019 22.689  21.892     nan   7.235   0.695   5.928   9.157   0.633   1.427  29.388   0.603  -2.285   0.817 0 2 1
1236 35   4031 3264.01    0.44   0.05  20.95   0.018 21.606  20.803  21.547   7.370   0.756  60.214   9.047   0.764  61.478  28.209   0.789  63.360   0.862 0 2 1
1236 35   2801 1308.79    0.16   0.02  21.99   0.019 22.321  21.862  22.180   4.318   0.810  61.456   4.701   0.755  63.641   9.571   0.738  64.974   0.762 0 0 1
1236 35    279 4099.62   -0.15  -0.15  20.06   0.018 20.266  19.993  20.121   3.529   0.829  25.693   3.572   0.717  20.580   5.312   0.687  18.809   0.756 0 0 1
1236 35     51 1551.63    1.04  -0.46  22.59   0.022 23.038  22.305  22.919   5.808   0.675  18.590   6.928   0.624  15.547  20.113   0.623  12.885   0.680 0 0 1
1236 35    655 3200.67   -1.00  -1.00   0.00   0.000  0.000   0.000   0.000   0.000   0.000   0.000   0.000   0.000   0.000   0.000   0.000   0.000   0.000 -1 -1 -1
1236 35    910 3853.41   -0.07   0.03    nan     nan    nan     nan     nan   3.146   0.842  35.318     nan     nan     nan     nan     nan     nan     nan 1061866239428731 0 1
1236 35    186 2430.54   -0.95   0.74  23.19   0.030 23.472  22.959  23.310   3.647   0.862 -63.223   4.053   0.716 -65.619   9.081   0.682 -71.024   0.602 1061866239427907 0 1
1236 35   2644 1813.37   -1.00  -1.00   0.00   0.000  0.000   0.000   0.000   0.000   0.000   0.000   0.000   0.000   0.000   0.000   0.000   0.000   0.000 -1 -1 -1
1236 35   1321  922.10   -1.40  -0.47    nan     nan    nan     nan     nan   3.419   0.755 -21.287     nan     nan     nan     nan     nan     nan     nan 0 0 1
1236 35    603  175.71    0.05   0.29  22.43   0.020 22.428  21.697     nan   8.119   0.581  35.257   9.867   0.524  35.538  31.029   0.481  36.256   0.000 0 2 1
1236 35   4317 1661.06   -0.60  -0.34  20.29   0.017 20.621  19.756  20.532   7.520   0.796  11.466   9.826   0.766  12.105  34.695   0.733  11.436   0.464 1061866239427501 0 1
1236 35   2958 1574.26    0.09   0.02  20.74   0.017 20.750  20.304  20.759   5.042   0.739  31.554   5.700   0.661  30.276  12.137   0.607  29.557   0.037 0 0 1
1236 35    749 2203.52   -0.01  -0.08  19.96   0.017 20.297  19.707  20.185   5.526   0.824  50.428   6.879   0.785  49.106  17.180   0.766  48.211   0.620 0 2 1
1236 35   4377 3162.93   -0.09  -0.08  20.04   0.018 20.215  19.878  20.111   3.741   0.927  34.866   3.868   0.900  24.048   6.481   0.888  18.915   0.539 0 0 1
1236 35   4951 2237.98   -0.26  -0.78  21.83   0.018 22.841  21.835  22.540  17.108   0.483  55.750  10.813   0.986 -11.680  42.435   0.936  67.584   1.000 0 0 1
1236 35   3322  421.26   -0.01  -0.26    nan     nan    nan     nan  22.304   4.114   0.868 -44.707     nan     nan     nan     nan     nan     nan     nan 0 3 1
1236 35   1519   94.84   -0.36   0.21  22.49   0.021 22.741  22.094     nan   5.296   0.917  78.578   6.042   0.885  76.800  15.914   0.890  70.669   0.444 0 0 1
1236 35    620 2903.56   -1.00  -1.00   0.00   0.000  0.000   0.000   0.000   0.000   0.000   0.000   0.000   0.000   0.000   0.000   0.000   0.000   0.000 -1 -1 -1
1236 35    806 1536.17    0.06  -0.32  20.17   0.017 20.317  19.601  20.285   6.653   0.789  25.255   8.381   0.752  23.985  25.276   0.713  23.588   0.257 1061866239427420 0 1
1236 35   2336 3253.27    0.34   0.26  22.37   0.020 22.856  22.069  22.684   5.571   0.872  54.844   6.919   0.799  56.472  22.268   0.740  59.144   0.696 0 0 1
1236 35   4368 3335.45    1.43   0.63    nan     nan    nan     nan     nan     nan     nan     nan     nan     nan     nan     nan     nan     nan     nan 0 0 1
1236 35   1905 2982.43    0.21  -0.41  20.98   0.018 21.176  20.839  21.065   3.552   0.950  29.077   3.544   0.920  15.075   5.965   0.893   7.492   0.591 0 0 1
1236 35   2628  783.79    0.40  -0.42  22.30   0.020 22.670  21.970  22.781   4.792   0.898  51.474   5.403   0.922  48.823  14.909   0.942  32.913   0.595 0 0 1
1236 35   1890 3083.81   -0.01  -0.12  19.95   0.017 20.425  19.900  20.224   4.568   0.903   9.201   5.624   0.886   4.770  12.553   0.867   0.422   0.913 0 0 1
1236 35   2495 2531.94    0.09  -0.18  20.42   0.017 21.003  20.322  20.742   6.217   0.717  41.292   8.197   0.653  40.691  22.818   0.628  38.858   0.891 0 0 1
1236 35   1029 2342.26   -0.08  -0.03  19.94   0.017 20.369  19.692  20.228   6.700   0.717  20.062   8.766   0.663  20.160  24.860   0.627  19.343   0.685 0 4 1
