# FakeX    FakeY    DiffX   DiffY   CmodMag   CmodErr  ExpMag  DevMag  KronMag  SdssR  SdssBa  SdssPa  ExpR  ExpBa  ExpPa  DevR  DevBa  DevPa  fracDev  parentID  nChild  extended
1236 64   2817 3968.68   -0.81  -1.32    nan     nan    nan     nan     nan   9.984   0.410  44.317     nan     nan     nan     nan     nan     nan     nan 0 0 1
1236 64   1070 2665.79   -0.06  -0.17  21.82   0.025 22.139  21.712  21.937   4.086   0.770  48.554   4.389   0.664  49.805   8.574   0.632  51.901   0.770 1061990793479704 0 1
1236 64    979  742.58    0.07  -0.07  22.69   0.028 22.695  22.154     nan   4.701   0.855  51.341   5.123   0.782  49.348  12.657   0.692  49.061   0.000 0 0 1
1236 64   4148 1864.92    0.12  -0.69  20.83   0.024 20.859  20.209  20.813   5.348   0.960   1.131   6.432   0.920  -8.164  17.730   0.886 -17.922   0.065 1061990793479244 0 1
1236 64   3423 3127.69    1.23   0.47  23.38   0.036 23.384  22.883  23.516   5.505   0.587  17.570   6.099   0.469  18.345  14.251   0.400  20.869   0.000 0 0 1
1236 64   4402 3772.64    0.05  -0.03  20.97   0.025 20.972  20.597  21.044   4.645   0.738  47.236   5.059   0.641  47.767   9.729   0.575  48.029   0.000 0 0 1
1236 64   4203 2899.03   -0.54  -0.83    nan     nan    nan     nan     nan   2.724   0.892   8.532     nan     nan     nan     nan     nan     nan     nan 0 0 1
1236 64   1403 1861.70    0.61   0.04    nan     nan    nan     nan     nan   0.289   1.000   0.000     nan     nan     nan     nan     nan     nan     nan 0 0 1
1236 64   2809 3737.61    0.28  -0.10  20.82   0.024 21.370  20.614  21.247   6.505   0.821  37.828  11.296   0.585  25.099  34.961   0.563  25.924   0.777 0 3 1
1236 64   2323 1280.62    0.19  -0.22  20.04   0.024 20.422  19.605  20.292   7.928   0.691   5.784  10.450   0.641   6.327  35.076   0.604   6.080   0.546 1061990793478908 0 1
1236 64   3762 1345.86    0.71  -0.05    nan     nan    nan     nan     nan   2.891   0.896 -70.308     nan     nan     nan     nan     nan     nan     nan 0 0 1
1236 64   2965 3147.24   -0.02  -0.04  20.21   0.024 20.788  20.100  20.587   5.505   0.892  14.518   7.148   0.864  13.284  20.070   0.833  11.086   0.866 0 4 1
1236 64   2873  466.85   -0.05  -0.10  19.92   0.024 20.479  19.813  20.273   6.033   0.818  14.106   7.852   0.776  12.297  21.509   0.744  11.351   0.864 0 0 1
1236 64   4155 1119.32    0.75   0.39    nan     nan    nan     nan     nan   2.948   0.944 -72.170     nan     nan     nan     nan     nan     nan     nan 1061990793478812 0 1
1236 64    815 1609.93    0.08   0.02  20.53   0.024 21.177  20.532  20.969   3.834   0.930  55.269   4.106   0.916  66.574  11.664   0.732 -81.092   1.000 0 4 1
1236 64   3176 2158.47    0.83   0.26  22.74   0.028 23.184  22.447  23.013   5.307   0.773  59.889   6.204   0.730  53.994  18.047   0.736  49.819   0.668 1061990793479429 0 1
1236 64   4970 1234.36   -1.00  -1.00   0.00   0.000  0.000   0.000   0.000   0.000   0.000   0.000   0.000   0.000   0.000   0.000   0.000   0.000   0.000 -1 -1 -1
1236 64   2371  317.75    1.67   1.04    nan     nan    nan     nan     nan   3.384   0.816  38.972     nan     nan     nan     nan     nan     nan     nan 0 0 1
1236 64   3780 3240.51    0.00  -0.20  20.86   0.024 21.161  20.784  21.027   3.873   0.874  35.606   4.155   0.818  34.173   7.454   0.793  30.347   0.807 0 0 1
1236 64    178 1049.42    0.03   0.02  21.29   0.025 21.607  21.112  21.490   4.686   0.784  28.230   5.399   0.697  28.181  11.850   0.657  27.859   0.676 1061990793478767 0 1
1236 64    337  988.01    0.04  -0.01  22.30   0.026 22.657  22.071  22.365   4.285   0.918  54.167   4.695   0.899  45.774  11.444   0.873  38.770   0.662 0 0 1
1236 64   1000   23.41   -0.56  -0.41  19.99   0.024 20.646  19.979  20.448   4.829   0.731  23.846   5.760   0.627  21.386  16.257   0.541   8.981   0.986 0 2 1
1236 64   4293 2255.39   -0.04  -0.04  20.11   0.024 20.209  19.764  20.158   4.544   0.897  26.031   5.069   0.855  22.898  10.443   0.830  22.278   0.253 0 2 1
1236 64   1334  820.74   -0.26  -0.35  20.48   0.024 20.895  20.128  20.724   6.606   0.871  14.406   8.263   0.854  13.737  25.398   0.850  12.019   0.619 1061990793478652 0 1
1236 64   3293  544.71    0.10  -0.13  22.92   0.030 22.923  22.304  22.944   5.102   0.805   0.449   5.744   0.713  -4.269  15.451   0.647  -6.874   0.000 0 0 1
1236 64   3955 3190.15   -0.05   0.00  20.94   0.024 21.542  20.806  21.380   6.803   0.744   5.667   8.757   0.676   4.899  26.606   0.625   3.854   0.854 1061990793480037 0 1
1236 64   1792 2224.75    0.63  -0.61    nan     nan    nan     nan     nan   3.310   0.880   4.190     nan     nan     nan     nan     nan     nan     nan 0 0 1
1236 64   3768 1526.20   -1.00  -1.00   0.00   0.000  0.000   0.000   0.000   0.000   0.000   0.000   0.000   0.000   0.000   0.000   0.000   0.000   0.000 -1 -1 -1
1236 64    776 1352.96    0.41  -1.14    nan     nan    nan     nan     nan   3.391   0.837  21.628     nan     nan     nan     nan     nan     nan     nan 0 0 1
1236 64   3043 3948.70    0.35   0.38  21.97   0.026 22.193  21.650  22.082   4.902   0.781  45.960   5.428   0.749  43.856  12.516   0.744  41.464   0.455 0 0 1
1236 64   4192 3491.53   -0.33  -0.19    nan     nan    nan     nan     nan   3.178   0.977  11.842     nan     nan     nan     nan     nan     nan     nan 1061990793480216 0 1
1236 64   3868 1793.19   -1.00  -1.00   0.00   0.000  0.000   0.000   0.000   0.000   0.000   0.000   0.000   0.000   0.000   0.000   0.000   0.000   0.000 -1 -1 -1
1236 64   1483  880.51    0.05   0.05  20.63   0.024 21.075  20.528  20.897   4.600   0.912  43.548   5.460   0.887  48.281  12.516   0.881  52.231   0.840 1061990793478679 0 1
1236 64     28 2901.70    0.04  -0.06  20.80   0.024 21.180  20.677  21.060   4.448   0.815  14.689   5.159   0.721  15.858  11.448   0.674  21.490   0.783 0 2 1
1236 64   4054  346.54   -0.02  -0.09  20.97   0.025 21.293  20.746  21.185   5.038   0.823   3.694   5.920   0.761   1.056  14.030   0.716  -1.408   0.635 1061990793478353 0 1
1236 64    638 1624.60   -0.06   0.02  20.69   0.024 21.450  20.695  21.088   6.358   0.825  23.335   8.136   0.801  20.117  24.112   0.796  17.208   1.000 0 2 1
1236 64   1945 3008.05   -1.00  -1.00   0.00   0.000  0.000   0.000   0.000   0.000   0.000   0.000   0.000   0.000   0.000   0.000   0.000   0.000   0.000 -1 -1 -1
1236 64   4563  714.26   -0.24  -0.19  22.16   0.026 22.421  21.843  22.333   4.701   0.897 -69.519   5.247   0.885 -67.702  12.734   0.871 -60.505   0.506 1061990793478562 0 1
1236 64   2013  600.96    0.04  -0.08  20.89   0.025 21.196  20.378  21.104   6.851   0.782  38.340   8.663   0.757  38.536  28.391   0.748  37.676   0.457 0 0 1
1236 64   1816 1535.21    0.02  -0.39  22.30   0.026 22.506  21.878  22.289   4.936   0.829  17.595   5.599   0.771  18.781  14.708   0.733  18.694   0.389 0 0 1
1236 64   1982 1303.84   -1.00  -1.00   0.00   0.000  0.000   0.000   0.000   0.000   0.000   0.000   0.000   0.000   0.000   0.000   0.000   0.000   0.000 -1 -1 -1
1236 64   1395 3137.89   -0.22  -0.17  20.49   0.024 21.241  20.432  21.012   5.895   0.774   9.144   7.402   0.839  -2.723  22.974   0.873 -19.342   0.945 0 2 1
1236 64   3572 2865.65   -0.27  -0.16  20.81   0.024 21.247  20.533  21.042   6.201   0.826  28.250   7.744   0.782  27.668  22.801   0.746  24.620   0.677 1061990793479813 0 1
1236 64    286 1951.78   -1.00  -1.00   0.00   0.000  0.000   0.000   0.000   0.000   0.000   0.000   0.000   0.000   0.000   0.000   0.000   0.000   0.000 -1 -1 -1
1236 64   3846  153.97    0.19  -0.92  22.02   0.025 22.121  21.307  22.093   8.123   0.648  20.212  10.561   0.562  23.315  36.386   0.503  25.953   0.166 0 0 1
1236 64   2772 2854.89    0.01  -0.23  21.55   0.025 22.328  21.507  22.118   5.923   0.842  68.380   7.680   0.798  60.680  24.973   0.768  58.343   0.960 1061990793479832 0 1
1236 64   2120 2466.12   -0.03  -0.03  20.75   0.024 21.101  20.682  20.933   3.831   0.933  13.502   4.177   0.895   5.524   7.909   0.886  -4.661   0.849 0 0 1
1236 64   3723 3175.73   -0.41   0.01  23.06   0.032 23.352  22.825  23.229   4.763   0.758  86.676   5.075   0.680  80.358  11.516   0.648  74.186   0.615 0 0 1
1236 64   3277 3190.33    0.05  -0.02  20.19   0.024 20.572  19.870  20.467   6.524   0.758  44.275   8.289   0.718  43.823  24.029   0.691  43.093   0.611 0 0 1
1236 64   3022 3833.92   -0.26  -0.06  21.06   0.025 21.582  20.973  21.320   5.651   0.725  24.555   6.931   0.659  25.058  17.628   0.627  25.626   0.882 0 0 1
1236 64   2855 3498.45    0.18  -0.39    nan     nan    nan     nan     nan  42.978   0.392 -13.355     nan     nan     nan     nan     nan     nan     nan 1061990793480249 0 1
1236 64   1298 3311.90   -0.01  -0.09  20.72   0.025 21.076  20.686  20.869   3.859   0.824  19.564   4.214   0.733  15.795   7.666   0.707   9.818   0.913 0 2 1
1236 64   1009 2594.64    0.04  -0.08  21.29   0.025 21.967  21.285  21.784   3.554   0.831  26.597   3.620   0.701  24.366  12.201   0.426  21.041   0.998 0 3 1
1236 64   4886 1190.96   -0.03  -0.09  20.51   0.024 20.647  20.387  20.563   3.361   0.929  32.487   3.158   0.887  22.926   4.609   0.857  17.147   0.545 0 0 1
1236 64   2402 3889.18    0.03   0.03  21.31   0.025 21.910  21.298  21.698   5.134   0.825  -3.706   6.205   0.784  -4.330  15.567   0.761  -4.796   0.991 0 0 1
1236 64   4942 4071.28   -1.00  -1.00   0.00   0.000  0.000   0.000   0.000   0.000   0.000   0.000   0.000   0.000   0.000   0.000   0.000   0.000   0.000 -1 -1 -1
1236 64   2482  965.39   -0.01  -0.08  20.99   0.024 21.069  20.743  21.031   4.206   0.766  27.379   4.486   0.639  25.273   7.802   0.575  25.042   0.267 0 0 1
1236 64   3101 1266.85    0.13  -0.18  23.42   0.038 23.620  23.186     nan   6.025   0.443  35.104   6.673   0.265  34.268  14.783   0.178  34.432   0.497 0 0 1
1236 64    112 2843.36    0.09  -0.33  23.08   0.033 23.148  22.737  23.176   3.933   0.937   6.105   4.023   0.844   0.091   8.070   0.743   1.595   0.192 0 0 1
1236 64    406 2177.34   -0.48  -0.25  22.50   0.027 23.046  22.460  22.969   4.874   0.765  19.781   7.169   0.516  12.854  18.363   0.446  10.921   0.942 0 2 1
