# FakeX    FakeY    DiffX   DiffY   CmodMag   CmodErr  ExpMag  DevMag  KronMag  SdssR  SdssBa  SdssPa  ExpR  ExpBa  ExpPa  DevR  DevBa  DevPa  fracDev  parentID  nChild  extended
1236 24   2817 3968.68    0.10  -0.03  21.35   0.020 21.745  21.349  21.534   3.942   0.771  12.309   4.379   0.666  13.535   8.051   0.639  14.718   1.000 0 0 1
1236 24   1070 2665.79   -0.02  -0.17  22.76   0.026 22.987  22.749  22.957   3.139   0.911  46.598   2.723   0.850  51.544   3.644   0.881  61.906   0.962 0 0 1
1236 24    979  742.58    0.33   1.00  20.89   0.019 21.161  20.652  21.031   5.677   0.579  58.845   6.911   0.457  57.961  15.836   0.413  57.752   0.579 1061818994786747 0 1
1236 24   4148 1864.92   -0.07  -0.26  22.71   0.025 23.093  22.621  22.587   4.253   0.779  39.079   4.697   0.656  35.468  10.172   0.574  31.282   0.843 0 0 1
1236 24   3423 3127.69    0.00  -0.03  20.52   0.019 20.964  20.504  20.746   4.990   0.630  25.909   6.235   0.489  26.435  13.070   0.441  25.956   0.959 0 0 1
1236 24   4402 3772.64    0.01   0.01  22.13   0.021 22.517  22.128  22.248   4.065   0.652  39.159   4.705   0.450  38.055   8.729   0.410  34.582   1.000 0 2 1
1236 24   4203 2899.03   -0.24  -0.30  21.83   0.021 22.289  21.812  22.151   4.868   0.718  32.994   5.603   0.614  31.461  11.961   0.563  29.445   0.964 0 0 1
1236 24   1403 1861.70   -0.51   0.24  22.63   0.024 23.173  22.633  23.031   3.957   0.863   4.925   4.357   0.801  -3.809   9.869   0.774 -13.304   1.000 0 0 1
1236 24   2809 3737.61   -0.30   0.05  22.38   0.023 22.687  22.368  22.497   3.477   0.869 -17.965   3.471   0.767 -16.436   5.689   0.714 -10.955   0.979 0 0 1
1236 24   2323 1280.62    0.06   0.10  21.67   0.020 22.180  21.670  21.911   4.203   0.837   1.491   4.784   0.809   5.667  10.252   0.802   7.596   1.000 0 0 1
1236 24   3762 1345.86   -0.04  -0.05  22.26   0.022 22.599  22.148  22.417   5.041   0.619  42.519   5.651   0.491  42.762  11.724   0.446  42.626   0.780 0 0 1
1236 24   3762 1345.86   -1.00  -1.00   0.00   0.000  0.000   0.000   0.000   0.000   0.000   0.000   0.000   0.000   0.000   0.000   0.000   0.000   0.000 -1 -1 -1
1236 24   2873  466.85    0.13  -0.05  21.29   0.020 21.732  21.291  21.445   3.871   0.859  13.935   4.180   0.793  15.521   8.013   0.804  13.969   1.000 0 0 1
1236 24   4155 1119.32    0.05  -0.22  21.58   0.020 21.952  21.576  21.756   3.509   0.844  19.817   3.543   0.740  22.282   6.291   0.701  25.811   1.000 1061818994786964 0 1
1236 24    815 1609.93   -0.01   0.02  20.09   0.019 20.294  20.091  20.135   3.020   0.871  17.726   2.686   0.744  17.023   3.413   0.709  14.842   1.000 1061818994787259 0 1
1236 24   3176 2158.47   -0.02  -0.06  21.28   0.020 21.727  21.257  21.520   4.433   0.798  12.699   5.163   0.713  11.853  10.722   0.682  11.857   0.964 1061818994787580 0 1
1236 24   4970 1234.36    0.00  -0.01  21.07   0.019 21.491  21.071  21.240   3.643   0.925  36.148   3.952   0.880  43.225   7.302   0.891  47.788   1.000 0 0 1
1236 24   2371  317.75    0.04  -0.09  21.74   0.020 22.096  21.676  21.910   3.984   0.874  33.086   4.403   0.797  34.639   8.343   0.791  34.193   0.874 1061818994786514 0 1
1236 24   3780 3240.51   -0.23  -0.16  22.79   0.026 22.984  22.610  22.888   3.604   0.898  36.228   3.645   0.821  34.646   6.558   0.793  31.954   0.554 1061818994788183 0 1
1236 24    178 1049.42   -0.21  -0.02  22.29   0.022 22.461  22.109  22.381   3.892   0.805  45.962   3.935   0.703  43.322   6.914   0.660  38.034   0.518 0 0 1
1236 24    337  988.01    0.04   0.99  23.48   0.039 23.588  23.169  23.586   4.821   0.729 -74.276   4.724   0.658 -72.076   9.309   0.609 -71.656   0.290 0 0 1
1236 24   1000   23.41   -0.56  -0.41  22.71   0.026 23.079  22.707  22.864   3.241   0.904  50.513   3.018   0.851  56.990   5.334   0.794  86.356   1.000 0 0 1
1236 24   4293 2255.39   -0.56  -0.34  24.28   0.075 24.310  24.225  24.254   2.936   0.819  37.629   2.284   0.546  32.548   2.293   0.478  32.840   0.358 0 0 1
1236 24   1334  820.74   -0.12  -0.26  22.08   0.021 22.351  22.083  22.159   3.199   0.885  49.556   2.853   0.799  51.580   4.072   0.810  55.440   1.000 0 0 1
1236 24   3293  544.71    0.15  -0.46  23.71   0.048 23.828  23.673  23.833   4.120   0.589   4.765   4.043   0.310   7.864   5.650   0.137  11.531   0.739 0 0 1
1236 24   3955 3190.15    0.05   0.10  21.83   0.021 22.106  21.832  21.904   3.355   0.798  42.434   3.241   0.627  43.975   4.877   0.579  41.176   1.000 0 0 1
1236 24   1792 2224.75    0.04  -0.03  20.60   0.019 20.842  20.604  20.691   3.509   0.713  25.247   3.574   0.490  25.391   5.102   0.429  25.571   1.000 0 2 1
1236 24   3768 1526.20   -0.50  -0.48  23.35   0.034 23.563  23.129     nan   4.201   0.830  22.703   4.147   0.762  22.338   8.213   0.722  15.941   0.529 0 0 1
1236 24    776 1352.96   -0.05  -0.08  20.86   0.019 21.274  20.856  21.023   3.852   0.839  30.322   4.334   0.734  31.798   8.150   0.714  30.402   1.000 0 0 1
1236 24   3043 3948.70   -0.00   0.25  22.09   0.021 22.494  22.092  22.336   3.761   0.878  37.695   3.990   0.828  35.605   7.349   0.809  30.304   1.000 0 0 1
1236 24   4192 3491.53    0.19   0.22  23.13   0.031 23.299  23.103  23.204   3.593   0.685  29.855   3.612   0.426  30.544   5.190   0.284  29.981   0.886 0 0 1
1236 24   3868 1793.19   -0.04  -0.04  20.60   0.019 21.334  20.597  20.909   6.785   0.788  37.836   9.870   0.810  38.680  28.616   0.771  37.325   1.000 1061818994787408 0 1
1236 24   1483  880.51   -0.12   0.14  24.04   0.061 24.038  23.890     nan   3.668   0.514  32.134   3.233   0.139  32.455   3.814   0.190  37.943   0.000 0 0 1
1236 24     28 2901.70   -0.64   0.04  24.42   0.078 24.416  24.045  23.990   3.722   0.793  -6.352   3.543   0.526 -15.604   6.549   0.469 -15.549   0.000 0 0 1
1236 24   4054  346.54    0.10  -0.04  21.18   0.019 21.410  21.133  21.278   3.438   0.853  37.184   3.339   0.732  36.509   4.938   0.722  36.078   0.841 1061818994786517 0 1
1236 24    638 1624.60    0.02   0.07  22.89   0.027 23.393  22.894  23.209   4.085   0.856  23.674   4.224   0.819  28.019   8.834   0.817  28.928   1.000 0 0 1
1236 24   1945 3008.05    0.15  -0.14  21.31   0.020 21.673  21.201  21.516   5.265   0.627   0.624   6.237   0.512   2.261  13.450   0.461   2.627   0.802 0 0 1
1236 24   4563  714.26    0.60  -0.14  22.23   0.022 22.641  22.229  22.451   3.965   0.803  47.098   4.302   0.693  48.025   8.028   0.675  48.508   1.000 0 0 1
1236 24   2013  600.96   -0.08  -0.25  23.70   0.048 23.863  23.703  23.894   2.795   0.777   4.226   2.060   0.463   8.324   2.223   0.563  -2.338   1.000 0 0 1
1236 24   1816 1535.21    0.32  -0.16  22.76   0.027 22.869  22.715  22.750   2.818   0.962  49.179   2.270   0.894  59.840   2.683   0.824  65.955   0.718 0 0 1
1236 24   1982 1303.84    0.11  -0.03  22.45   0.023 22.747  22.454  22.588   3.392   0.807  47.485   3.280   0.651  47.312   5.080   0.613  46.332   1.000 1061818994787060 0 1
1236 24   1395 3137.89    0.02  -0.06  20.21   0.019 20.578  20.208  20.371   3.713   0.833   9.726   4.042   0.739   9.434   7.064   0.706   7.299   1.000 0 0 1
1236 24   3572 2865.65   -0.03  -0.04  20.56   0.019 20.848  20.550  20.675   3.995   0.659  43.484   4.442   0.460  44.090   7.001   0.427  43.470   0.953 1061818994787962 0 1
1236 24    286 1951.78   -0.40   0.34  22.10   0.021 22.677  22.096  22.550   5.281   0.791  17.821   6.120   0.727  11.696  14.638   0.707   7.602   1.000 0 0 1
1236 24   3846  153.97    0.04  -0.07  20.36   0.019 20.782  20.332  20.588   4.911   0.660  18.632   6.227   0.508  18.699  12.787   0.461  17.924   0.946 1061818994786403 0 1
1236 24   2772 2854.89   -0.31  -0.14  21.46   0.020 21.924  21.460  21.650   4.631   0.683  12.111   5.597   0.559  11.107  11.679   0.509  10.293   1.000 0 0 1
1236 24   2120 2466.12   -0.23   0.02  22.87   0.027 23.251  22.867  23.321   3.600   0.824  32.105   3.588   0.703  29.896   6.570   0.648  28.931   1.000 0 0 1
1236 24   3723 3175.73   -0.10  -0.11  21.17   0.020 21.509  21.166  21.339   3.506   0.898  59.869   3.601   0.831  61.707   5.888   0.846  61.882   0.988 0 0 1
1236 24   3277 3190.33   -0.14  -0.06  21.95   0.021 22.377  21.906  22.202   4.728   0.691  32.400   5.639   0.547  31.248  12.239   0.475  30.311   0.925 0 0 1
1236 24   3022 3833.92    0.00  -0.02  20.65   0.019 20.872  20.648  20.700   3.107   0.830  12.376   2.881   0.671  13.329   3.893   0.623  13.772   1.000 0 0 1
1236 24   2855 3498.45   -0.07  -0.00  20.85   0.020 21.181  20.851  20.979   3.639   0.781  14.251   3.880   0.632  12.966   6.457   0.585  10.579   1.000 1061818994788315 0 1
1236 24   1298 3311.90    0.18  -0.11  20.94   0.020 21.380  20.902  21.200   4.158   0.927  25.964   4.811   0.887  37.871   9.999   0.874  42.245   0.928 0 0 1
1236 24   1009 2594.64    0.13   0.23  22.90   0.028 23.033  22.814  22.916   3.215   0.866  11.381   2.786   0.777  13.931   3.801   0.724  18.211   0.594 0 0 1
1236 24   4886 1190.96   -0.04  -0.13  20.73   0.019 20.986  20.732  20.799   3.139   0.848  38.463   2.890   0.699  38.270   4.113   0.662  38.120   1.000 1061818994786988 0 1
1236 24   2402 3889.18    0.05   0.03  22.82   0.025 23.005  22.420  22.689   4.964   0.817   0.213   5.555   0.747  -1.334  13.902   0.699  -2.375   0.363 0 0 1
1236 24   4942 4071.28   -0.07  -0.02  20.55   0.019 21.017  20.550  20.767   3.809   0.823  21.846   4.236   0.720  24.948   8.248   0.760  25.616   1.000 0 4 1
1236 24   2482  965.39   -0.38   0.95  24.23   0.075 24.380  24.234     nan   3.098   0.825 -70.290   2.528   0.549 -66.760   2.832   0.531 -61.251   1.000 0 0 1
1236 24   3101 1266.85    0.39   0.08  22.67   0.024 23.212  22.661  28.028   4.777   0.749  41.127   5.289   0.673  41.288  12.009   0.673  42.585   0.986 0 0 1
1236 24    112 2843.36    0.04   0.03  20.54   0.019 21.323  20.542  20.812   4.922   0.628  37.868   7.080   0.438  38.767  25.371   0.268  37.253   1.000 0 2 1
1236 24    406 2177.34    0.13  -0.18  23.85   0.053 23.998  23.852  23.918   2.532   0.913 -55.895   1.752   0.637 -47.342   1.970   0.626 -40.701   1.000 0 0 1
