# FakeX    FakeY    DiffX   DiffY   CmodMag   CmodErr  ExpMag  DevMag  KronMag  SdssR  SdssBa  SdssPa  ExpR  ExpBa  ExpPa  DevR  DevBa  DevPa  fracDev  parentID  nChild  extended
1236 73   2817 3968.68   -0.50  -0.36  23.54   0.034 23.663  23.120  23.512   5.153   0.603  49.411   5.929   0.498  51.017  13.915   0.484  56.447   0.265 1062029448186158 0 1
1236 73   1070 2665.79    0.04  -0.33  21.34   0.018 21.876  21.337  21.575   4.660   0.724  44.288   5.745   0.615  44.537  13.127   0.588  44.409   1.000 1062029448185398 0 1
1236 73    979  742.58   -0.24  -0.52  22.65   0.021 22.647  21.977  23.889   5.075   0.827  51.120   6.002   0.742  52.314  17.187   0.666  53.836   0.003 0 0 1
1236 73   4148 1864.92   -0.08  -0.11  20.75   0.017 20.965  20.378  20.883   5.662   0.774   0.261   7.048   0.699   0.638  18.156   0.649  -0.103   0.408 1062029448184869 0 1
1236 73   3423 3127.69    0.59   0.89  23.21   0.027 23.391  22.649     nan   5.440   0.740  23.709   6.554   0.666  22.921  19.866   0.632  22.594   0.301 0 0 1
1236 73   4402 3772.64    0.04   0.04  20.90   0.018 20.932  20.499  20.904   4.827   0.738  46.127   5.444   0.647  45.509  11.374   0.590  45.133   0.076 0 0 1
1236 73   4203 2899.03    0.51  -0.62  23.61   0.037 23.913  23.592     nan   6.179   0.506 -43.166   6.563   0.380 -40.605  11.542   0.305 -35.886   0.958 1062029448185531 0 1
1236 73   1403 1861.70   -0.70   0.25    nan     nan    nan     nan     nan   0.289   1.000   0.000     nan     nan     nan     nan     nan     nan     nan 0 0 1
1236 73   2809 3737.61   -0.05  -0.14  21.29   0.018 21.477  20.653  21.481   7.139   0.753  43.872   8.896   0.730  41.241  29.366   0.732  38.256   0.292 0 0 1
1236 73   2323 1280.62   -0.00   0.02  20.11   0.017 20.475  19.669  20.388   7.601   0.709   7.068  10.013   0.670   7.338  33.434   0.625   6.775   0.539 0 2 1
1236 73   3762 1345.86   -0.62  -0.97  23.02   0.024 23.319  22.600     nan   6.513   0.693   7.704   7.697   0.610   8.559  23.599   0.533   8.490   0.485 0 0 1
1236 73   2965 3147.24   -0.03   0.00  20.35   0.017 20.797  20.133  20.645   5.504   0.894  18.866   6.917   0.876  19.746  18.827   0.862  17.314   0.731 0 0 1
1236 73   2873  466.85   -0.04  -0.10    nan     nan    nan     nan  20.208   6.489   0.785   8.189     nan     nan     nan     nan     nan     nan     nan 1062029448184075 0 1
1236 73   4155 1119.32   -0.09  -0.36  21.11   0.018 21.748  20.911  21.580   7.002   0.835  49.519   8.921   0.798  46.143  29.996   0.765  42.873   0.816 0 0 1
1236 73    815 1609.93   -0.07  -0.07  21.00   0.018 21.312  20.948  21.144   3.587   0.897  18.446   3.698   0.834  15.962   6.441   0.810  11.297   0.866 0 0 1
1236 73   3176 2158.47   -1.17  -0.79  22.10   0.018 22.341  21.396  22.130   9.078   0.686  13.696  11.757   0.647  17.305  45.260   0.621  19.162   0.336 0 0 1
1236 73   3176 2158.47   -1.00  -1.00   0.00   0.000  0.000   0.000   0.000   0.000   0.000   0.000   0.000   0.000   0.000   0.000   0.000   0.000   0.000 -1 -1 -1
1236 73   2371  317.75   -0.41   0.10  22.14   0.019 22.605  21.803  22.599   7.646   0.650   0.186   9.483   0.589  -3.338  31.100   0.548  -6.929   0.655 0 0 1
1236 73   3780 3240.51    0.00  -0.07  20.96   0.018 21.243  20.882  21.082   3.618   0.863  13.922   3.800   0.767  15.250   6.628   0.738  17.770   0.808 1062029448185733 0 1
1236 73    178 1049.42   -0.04  -0.05  21.14   0.018 21.602  21.087  21.384   4.657   0.751  28.145   5.684   0.636  29.354  12.884   0.582  29.701   0.904 0 2 1
1236 73    178 1049.42   -1.00  -1.00   0.00   0.000  0.000   0.000   0.000   0.000   0.000   0.000   0.000   0.000   0.000   0.000   0.000   0.000   0.000 -1 -1 -1
1236 73   1000   23.41    0.44   0.59    nan     nan    nan     nan  20.439   4.719   0.752  25.373     nan     nan     nan     nan     nan     nan     nan 0 2 1
1236 73   4293 2255.39   -0.03  -0.05  20.09   0.017 20.215  19.755  20.157   4.485   0.915  25.589   5.069   0.883  23.348  10.656   0.861  20.755   0.293 0 3 1
1236 73   1334  820.74   -0.07  -0.17  19.98   0.017 20.678  19.825  20.475   7.487   0.833  -1.919  10.269   0.797   0.463  34.833   0.782   0.020   0.860 0 3 1
1236 73   3293  544.71   -0.21   0.41  23.15   0.027 23.148  22.701     nan   4.375   0.857  -4.652   4.612   0.816  -2.844   9.678   0.759   7.101   0.000 1062029448184131 0 1
1236 73   3955 3190.15    0.01  -0.12  21.07   0.018 21.557  20.768  21.420   6.511   0.766  23.921   8.356   0.724  22.932  26.777   0.689  18.978   0.689 1062029448185699 0 1
1236 73   1792 2224.75   -0.73  -0.20    nan     nan    nan     nan     nan   3.096   0.945  51.883     nan     nan     nan     nan     nan     nan     nan 0 2 1
1236 73   1792 2224.75   -1.00  -1.00   0.00   0.000  0.000   0.000   0.000   0.000   0.000   0.000   0.000   0.000   0.000   0.000   0.000   0.000   0.000 -1 -1 -1
1236 73    776 1352.96   -0.54  -0.50    nan     nan    nan     nan     nan   3.181   0.744  28.896     nan     nan     nan     nan     nan     nan     nan 0 0 1
1236 73   3043 3948.70    0.30   0.07  22.36   0.020 22.470  22.043  22.481   4.014   0.912  34.115   4.234   0.851  36.112   8.477   0.805  37.496   0.294 0 0 1
1236 73   4192 3491.53   -0.40  -0.24  21.59   0.018 21.876  21.041  21.714   6.062   0.829  67.359   7.623   0.820  66.853  25.355   0.819  67.328   0.429 1062029448185880 0 1
1236 73   3868 1793.19   -0.54  -0.17  23.57   0.036 23.872  23.401     nan   6.554   0.454  53.029   7.222   0.333  56.210  16.041   0.272  58.651   0.683 0 0 1
1236 73   1483  880.51    0.26  -0.02  20.55   0.018 21.001  20.420  20.820   5.060   0.856  47.802   6.222   0.830  46.912  14.982   0.827  44.240   0.812 0 0 1
1236 73     28 2901.70   -0.11  -0.05  20.90   0.018 21.128  20.667  21.019   4.580   0.795  15.088   5.252   0.717  16.673  11.065   0.678  19.013   0.530 1062029448185532 0 1
1236 73   4054  346.54    0.03  -0.07  20.89   0.018 21.249  20.681  21.122   5.172   0.762   8.158   6.342   0.679   7.854  15.567   0.631   6.730   0.685 0 0 1
1236 73    638 1624.60    0.04   0.21  21.14   0.018 21.564  20.942  21.405   5.722   0.814  20.243   7.055   0.774  17.130  18.403   0.744  19.058   0.727 1062029448184754 0 1
1236 73    638 1624.60   -1.00  -1.00   0.00   0.000  0.000   0.000   0.000   0.000   0.000   0.000   0.000   0.000   0.000   0.000   0.000   0.000   0.000 -1 -1 -1
1236 73   4563  714.26    0.12  -0.14  21.17   0.018 21.789  21.082  21.663   8.467   0.631  50.822   9.785   0.642  50.168  27.544   0.652  50.178   0.902 0 3 1
1236 73   2013  600.96    0.02  -0.46  20.82   0.017 21.126  20.358  21.062   6.859   0.750  32.338   8.494   0.720  32.972  26.476   0.702  33.358   0.479 0 0 1
1236 73   1816 1535.21   -0.06   0.68  22.58   0.021 22.721  22.155     nan   4.561   0.862  23.654   5.114   0.798  23.673  12.637   0.730  23.062   0.286 0 0 1
1236 73   1816 1535.21   -1.00  -1.00   0.00   0.000  0.000   0.000   0.000   0.000   0.000   0.000   0.000   0.000   0.000   0.000   0.000   0.000   0.000 -1 -1 -1
1236 73   1395 3137.89   -0.00   0.10  21.22   0.018 21.451  20.830  21.392   5.531   0.756   3.860   6.800   0.671   2.118  18.327   0.606   1.268   0.427 0 0 1
1236 73   3572 2865.65   -0.10  -0.02  21.01   0.018 21.351  20.711  21.255   5.301   0.908  35.675   6.390   0.876  30.718  16.956   0.858  23.481   0.586 1062029448185503 0 1
1236 73    286 1951.78   -0.64  -0.90  24.20   0.065 24.569  24.187     nan   3.774   0.738  33.271   3.369   0.134  22.883   5.752   0.274  23.420   0.981 0 0 1
1236 73   3846  153.97   -0.26  -0.09  22.37   0.020 22.374  21.650  22.360   6.617   0.676  21.744   7.968   0.622  21.526  24.125   0.586  21.518   0.000 0 0 1
1236 73   2772 2854.89   -0.04   0.05  21.84   0.018 22.306  21.559  22.261   6.344   0.729  41.430   7.899   0.677  40.595  23.838   0.654  40.111   0.690 0 0 1
1236 73   2120 2466.12   -0.00  -0.14    nan     nan    nan     nan  20.976   3.774   0.915   2.744     nan     nan     nan     nan     nan     nan     nan 1062029448185262 0 1
1236 73   2120 2466.12   -1.00  -1.00   0.00   0.000  0.000   0.000   0.000   0.000   0.000   0.000   0.000   0.000   0.000   0.000   0.000   0.000   0.000 -1 -1 -1
1236 73   3277 3190.33    0.06  -0.07  20.17   0.017 20.578  19.877  20.464   6.624   0.735  45.599   8.605   0.687  45.388  24.973   0.659  45.353   0.652 0 0 1
1236 73   3022 3833.92    0.48  -1.65  21.02   0.018 21.186  20.496  21.109   5.484   0.911 -78.082   6.700   0.887 -83.651  19.621   0.825 -79.351   0.294 1062029448186074 0 1
1236 73   2855 3498.45   -0.13   0.07  21.30   0.018 21.301  20.836  21.294   4.499   0.842   3.006   4.919   0.776   2.544  10.644   0.742   3.358   0.000 0 0 1
1236 73   1298 3311.90    0.04  -0.04  20.79   0.018 21.062  20.693  20.929   3.853   0.830  26.310   4.143   0.734  24.450   7.401   0.695  22.479   0.764 0 0 1
1236 73   1009 2594.64    0.01  -0.34    nan     nan    nan     nan  21.931   3.391   0.864  18.232     nan     nan     nan     nan     nan     nan     nan 1062029448185378 0 1
1236 73   4886 1190.96    0.01  -0.12  20.53   0.018 20.663  20.389  20.574   3.308   0.935  33.180   3.123   0.901  25.870   4.635   0.892  23.726   0.500 1062029448184498 0 1
1236 73   2402 3889.18    0.10  -0.13  21.27   0.018 21.859  21.213  21.605   4.903   0.851   5.117   6.028   0.819   6.866  16.032   0.777   6.114   0.928 0 0 1
1236 73   2402 3889.18   -1.00  -1.00   0.00   0.000  0.000   0.000   0.000   0.000   0.000   0.000   0.000   0.000   0.000   0.000   0.000   0.000   0.000 -1 -1 -1
1236 73   2482  965.39    0.03  -0.07  20.85   0.018 21.031  20.653  20.950   4.302   0.737  24.468   4.781   0.612  22.899   8.955   0.555  22.163   0.508 1062029448184378 0 1
1236 73   3101 1266.85    0.96   0.05  23.55   0.032 23.550  22.991  23.159   7.345   0.437  35.398   8.996   0.309  34.320  24.242   0.229  33.533   0.000 0 0 1
1236 73    112 2843.36   -0.09  -0.23  23.23   0.030 23.330  22.985  23.336   3.616   0.839   2.695   3.582   0.715   7.149   6.395   0.632  10.738   0.314 0 0 1
1236 73    406 2177.34   -0.17  -0.02  22.65   0.022 22.928  22.299  22.690   6.020   0.707  48.201   6.909   0.637  46.188  18.316   0.598  44.334   0.506 0 0 1
