# FakeX    FakeY    DiffX   DiffY   CmodMag   CmodErr  ExpMag  DevMag  KronMag  SdssR  SdssBa  SdssPa  ExpR  ExpBa  ExpPa  DevR  DevBa  DevPa  fracDev  parentID  nChild  extended
1236 48   2817 3968.68    0.03  -0.06  21.24   0.018 21.693  21.235  21.412   4.023   0.804   8.863   4.822   0.673  10.236   9.851   0.621  10.025   1.000 0 0 1
1236 48   1070 2665.79    0.01  -0.04  22.85   0.027 23.020  22.852  22.849   3.173   0.761  44.021   2.792   0.534  43.295   3.486   0.456  41.059   0.980 0 0 1
1236 48    979  742.58    0.05   0.00  20.89   0.018 21.382  20.889  21.074   4.663   0.668  46.881   6.030   0.510  46.371  13.135   0.455  44.955   1.000 0 2 1
1236 48   4148 1864.92   -0.38  -0.33  22.69   0.024 23.290  22.673  22.946   3.813   0.797  21.048   3.850   0.737  11.837   9.894   0.682 -25.031   0.981 0 2 1
1236 48   3423 3127.69    0.02  -0.05  20.56   0.018 21.007  20.563  20.777   4.780   0.642  26.901   5.895   0.509  26.324  11.814   0.474  25.888   1.000 1061922074003374 0 1
1236 48   4402 3772.64   -0.14  -0.10  21.94   0.019 22.348  21.881  22.123   4.813   0.643  40.995   5.378   0.529  40.850  11.055   0.513  40.589   0.899 1061922074003758 0 1
1236 48   4203 2899.03    0.01  -0.02  21.43   0.018 22.084  21.430  21.809   5.481   0.640  46.151   7.324   0.523  40.963  19.853   0.460  37.948   1.000 0 2 1
1236 48   1403 1861.70   -0.12  -0.17  23.28   0.034 23.580  23.282  23.343   3.516   0.735 -30.156   3.359   0.556 -32.723   4.929   0.610 -36.039   1.000 0 0 1
1236 48   2809 3737.61   -0.02  -0.09  22.25   0.021 22.789  22.252  22.464   3.275   0.849  27.101   3.258   0.713  20.005   8.204   0.533   3.085   1.000 0 4 1
1236 48   2323 1280.62   -0.06  -0.13  21.83   0.019 22.212  21.755  22.050   4.729   0.679  21.383   5.465   0.551  19.920  11.256   0.517  17.250   0.856 0 0 1
1236 48   3762 1345.86   -0.56  -0.42  22.02   0.020 22.433  21.867  22.206   5.855   0.536  34.730   6.833   0.436  34.978  16.493   0.411  34.253   0.769 0 0 1
1236 48   2965 3147.24    0.02   0.04  20.97   0.018 21.533  20.969  21.248   4.426   0.751   6.528   7.395   0.508   8.764  17.632   0.449   8.581   1.000 0 2 1
1236 48   2873  466.85   -0.03  -0.03  21.45   0.019 21.784  21.434  21.597   3.501   0.929  11.865   3.525   0.876  12.725   6.008   0.844  14.860   0.951 0 0 1
1236 48   4155 1119.32   -0.41  -0.21  21.49   0.019 21.818  21.432  21.634   3.910   0.799  23.499   4.103   0.698  21.566   7.461   0.671  20.552   0.865 1061922074002146 0 1
1236 48    815 1609.93    0.00  -0.00  20.08   0.018 20.294  20.083  20.145   2.974   0.882  20.966   2.643   0.757  16.691   3.433   0.720  14.744   0.988 0 2 1
1236 48   3176 2158.47   -0.13  -0.26    nan     nan    nan     nan  21.465   5.030   0.665   2.412     nan     nan     nan     nan     nan     nan     nan 1061922074002782 0 1
1236 48   4970 1234.36    0.00  -0.04  21.08   0.018 21.470  21.077  21.285   3.757   0.946  45.422   4.021   0.935  44.663   7.163   0.950  36.820   0.994 1061922074002220 0 1
1236 48   2371  317.75    0.06  -0.18  21.55   0.019 22.013  21.554  21.687   4.891   0.636  30.489   5.970   0.490  30.211  12.181   0.460  30.216   1.000 0 0 1
1236 48   3780 3240.51    0.16  -0.23  22.76   0.024 22.979  22.602  22.787   4.418   0.612  42.459   4.823   0.426  39.683   9.158   0.360  37.982   0.614 0 0 1
1236 48    178 1049.42   -0.35  -0.11  22.20   0.021 22.550  22.204  22.362   3.759   0.730  28.098   4.201   0.533  25.284   7.343   0.463  24.054   1.000 0 0 1
1236 48    337  988.01    0.04   0.99    nan     nan    nan     nan     nan   3.057   0.714  49.765     nan     nan     nan     nan     nan     nan     nan 0 0 1
1236 48   1000   23.41    0.44   0.59  22.51   0.022 22.860  22.465  22.672   4.003   0.763  59.064   4.177   0.655  61.480   7.639   0.639  64.530   0.905 0 0 1
1236 48   4293 2255.39   -0.03   0.37  23.96   0.054 24.033  23.775  23.965   3.660   0.716  81.328   3.377   0.555  76.534   5.305   0.448  65.641   0.301 1061922074002839 0 1
1236 48   1334  820.74    0.01  -0.12  22.00   0.020 22.282  21.982  22.125   3.382   0.876  17.215   3.249   0.772  14.003   5.040   0.751  12.778   0.934 0 0 1
1236 48   3293  544.71   -0.29   0.17  23.50   0.038 23.757  23.372  23.749   3.448   0.890   4.859   3.389   0.765   8.110   6.446   0.662  13.090   0.699 0 0 1
1236 48   3955 3190.15    0.05  -0.00  21.61   0.019 21.984  21.609  21.692   3.356   0.863  44.949   3.437   0.723  43.821   6.344   0.622  39.946   1.000 0 2 1
1236 48   1792 2224.75   -0.13  -0.07  20.56   0.018 20.806  20.564  20.642   3.604   0.700  24.219   3.827   0.476  23.016   5.483   0.421  22.689   1.000 1061922074002818 0 1
1236 48   3768 1526.20   -0.36  -0.09  23.58   0.040 23.628  23.337  23.583   4.615   0.574  48.714   4.663   0.383  48.099   8.095   0.274  49.804   0.176 1061922074002413 0 1
1236 48    776 1352.96   -0.04  -0.04  20.78   0.018 21.240  20.782  20.960   3.980   0.840  37.325   4.552   0.752  34.092   9.061   0.738  27.705   1.000 0 3 1
1236 48   3043 3948.70   -0.03  -0.02  22.31   0.021 22.631  22.295  22.418   3.423   0.902  53.171   3.265   0.865  48.925   5.310   0.869  33.553   0.961 0 0 1
1236 48   4192 3491.53   -0.16   0.03  23.11   0.029 23.222  22.966  23.195   3.830   0.655  20.669   3.847   0.435  18.321   5.893   0.368  16.750   0.464 0 0 1
1236 48   3868 1793.19   -0.08   0.10  21.53   0.019 22.005  21.533  21.792   4.219   0.824  30.224   4.900   0.732  30.038  10.320   0.680  29.189   1.000 1061922074002582 0 1
1236 48   1483  880.51    0.06  -0.28    nan     nan    nan     nan     nan   0.289   1.000   0.000     nan     nan     nan     nan     nan     nan     nan 0 0 1
1236 48     28 2901.70    0.47   0.50  24.28   0.064 24.283  24.274  24.544   4.545   0.400  18.716   5.164   0.136  17.988   5.360   0.136  17.749   0.000 0 0 1
1236 48   4054  346.54   -0.02  -0.12  21.08   0.018 21.393  21.074  21.207   3.440   0.864  44.739   3.443   0.771  45.071   5.505   0.749  44.200   0.978 0 0 1
1236 48    638 1624.60    0.15   0.09  22.86   0.026 23.378  22.856  22.930   4.008   0.848 -33.410   4.610   0.726 -29.872  10.266   0.669 -27.018   1.000 0 0 1
1236 48   1945 3008.05    0.03   0.42  21.31   0.018 21.612  21.094  21.485   4.756   0.798  17.193   5.653   0.702  14.910  12.998   0.648  13.528   0.630 0 0 1
1236 48   4563  714.26   -0.06  -0.03  21.88   0.019 22.479  21.878  22.116   4.414   0.724  55.799   5.608   0.587  50.869  14.555   0.487  45.029   1.000 0 2 1
1236 48   2013  600.96   -0.07  -0.10  23.40   0.038 23.640  23.401  23.444   2.888   0.919   0.733   2.553   0.747 -10.713   3.861   0.554 -11.761   1.000 0 0 1
1236 48   1816 1535.21   -0.19   0.12  22.59   0.024 22.710  22.494  22.626   3.342   0.772  19.216   3.027   0.596  17.579   4.201   0.526  18.229   0.581 1061922074002408 0 1
1236 48   1982 1303.84    0.03   0.03  22.45   0.023 22.757  22.452  22.570   3.371   0.863  27.245   3.303   0.764  29.729   5.193   0.728  33.117   1.000 0 0 1
1236 48   1395 3137.89    0.12  -0.08  20.07   0.018 20.492  20.069  20.235   3.904   0.805   7.586   4.712   0.677   5.716   9.027   0.623   3.801   1.000 0 2 1
1236 48   3572 2865.65   -0.07  -0.10  20.53   0.018 20.854  20.529  20.659   3.938   0.672  45.773   4.417   0.475  45.766   7.404   0.419  45.790   1.000 1061922074003207 0 1
1236 48    286 1951.78    0.01  -0.38  22.24   0.020 22.841  22.236  22.647   4.288   0.924  79.609   4.997   0.857 -84.268  12.645   0.788 -76.525   1.000 0 0 1
1236 48   3846  153.97   -0.01  -0.13  20.38   0.018 20.824  20.379  20.587   4.979   0.609  17.296   6.252   0.449  16.697  12.784   0.399  15.717   1.000 0 0 1
1236 48   2772 2854.89   -0.04  -0.12  21.63   0.019 21.912  21.475  21.772   4.796   0.698  10.719   5.511   0.566  11.074  11.341   0.510  10.486   0.683 1061922074003208 0 1
1236 48   2772 2854.89   -1.00  -1.00   0.00   0.000  0.000   0.000   0.000   0.000   0.000   0.000   0.000   0.000   0.000   0.000   0.000   0.000   0.000 -1 -1 -1
1236 48   3723 3175.73   -0.06  -0.06  21.19   0.019 21.548  21.194  21.350   3.442   0.919  52.998   3.443   0.879  53.527   5.689   0.896  58.508   1.000 1061922074003398 0 1
1236 48   3277 3190.33    0.20  -0.03  21.51   0.019 22.092  21.510  21.951   6.081   0.694 -28.890   6.702   0.704 -21.925  15.805   0.712 -14.707   1.000 0 2 1
1236 48   3022 3833.92   -0.08  -0.07  20.60   0.018 20.838  20.596  20.666   3.100   0.823  17.557   2.881   0.660  15.294   4.004   0.626  15.820   1.000 0 2 1
1236 48   2855 3498.45   -0.01   0.17  20.77   0.018 21.084  20.734  20.928   3.764   0.830  27.741   4.087   0.730  26.639   7.068   0.680  22.788   0.908 0 0 1
1236 48   1298 3311.90   -0.01  -0.10  21.02   0.018 21.490  21.018  21.253   4.014   0.885  48.593   4.635   0.820  45.845   9.573   0.790  44.755   1.000 0 0 1
1236 48   1009 2594.64    0.01   0.17  23.83   0.054 23.834  23.837  23.866   2.106   0.948  41.319   0.860   0.911   3.077   0.555   0.861   3.947   0.000 1061922074003026 0 1
1236 48   4886 1190.96   -0.02   0.00  20.75   0.018 20.987  20.751  20.824   3.119   0.834  30.465   2.885   0.689  27.868   3.953   0.653  27.744   1.000 0 0 1
1236 48   2402 3889.18    0.52   0.25  22.30   0.021 22.953  22.305  22.683   5.359   0.817 -54.065   6.107   0.790 -54.801  15.492   0.800 -56.319   1.000 0 0 1
1236 48   4942 4071.28    0.06   0.00  20.50   0.018 20.888  20.489  20.716   3.986   0.799  16.021   4.625   0.689  15.309   8.582   0.651  15.036   0.987 1061922074003912 0 1
1236 48   2482  965.39    1.02  -0.81  24.58   0.101 24.678  24.628  24.326   2.609   0.553 -56.126   2.266   0.135 -53.785   2.235   0.135 -53.724   1.000 0 0 1
1236 48   3101 1266.85   -0.73   0.59  23.13   0.029 23.445  22.967  23.215   4.773   0.737  27.708   5.037   0.644  27.832  10.545   0.626  28.631   0.706 0 0 1
1236 48    112 2843.36    0.05  -0.02  20.90   0.018 21.349  20.903  21.123   4.907   0.632  40.693   6.094   0.482  41.352  12.426   0.437  41.125   1.000 0 0 1
1236 48    406 2177.34    0.41  -0.17  23.64   0.044 23.661  23.528  23.552   2.884   0.837   3.621   2.349   0.644   0.468   2.785   0.526   4.005   0.125 1061922074002794 0 1
