# FakeX    FakeY    DiffX   DiffY   CmodMag   CmodErr  ExpMag  DevMag  KronMag  SdssR  SdssBa  SdssPa  ExpR  ExpBa  ExpPa  DevR  DevBa  DevPa  fracDev  parentID  nChild  extended
1236 50    162 1744.61    0.09   0.28  21.33   0.018 21.745  20.864  21.680   8.553   0.675  30.034  11.132   0.639  28.499  39.787   0.615  26.942   0.565 0 0 1
1236 50   3033  534.67    0.34  -0.21  22.48   0.021 22.731  22.238  22.663   4.370   0.847  37.549   4.770   0.769  36.789  10.535   0.710  36.604   0.563 0 0 1
1236 50   3019 1893.94    0.08   0.08  21.84   0.019 22.111  21.658  22.039   4.025   0.958 -58.149   4.194   0.985 -35.440   8.632   0.940  13.616   0.627 0 0 1
1236 50   2606 2392.06    0.11  -0.03  20.74   0.018 21.161  20.303  21.062   7.812   0.725  -0.520  10.317   0.678   0.341  36.089   0.645   0.300   0.576 0 0 1
1236 50    677 3476.19    1.08  -0.52  21.41   0.018 21.706  20.944  21.535   6.664   0.641  27.334   8.689   0.578  30.239  27.414   0.544  31.239   0.460 1061930663938140 0 1
1236 50   1126 2787.67    0.16  -0.16  20.67   0.018 20.772  20.379  20.710   4.350   0.808  21.569   4.789   0.725  20.305   9.179   0.682  19.569   0.271 1061930663937675 0 1
1236 50   1441 3515.59    0.03  -0.04    nan     nan    nan     nan  20.866   4.591   0.878   9.960     nan     nan     nan     nan     nan     nan     nan 1061930663938255 0 1
1236 50   2262  176.57   -0.11   0.10  21.08   0.018 21.248  20.911  21.141   3.501   0.937  37.525   3.421   0.905  36.868   5.727   0.894  31.548   0.507 1061930663936176 0 1
1236 50   3779 1744.03   -0.14  -0.03  20.54   0.018 21.152  20.291  21.009   6.892   0.868   2.072   9.002   0.855   0.648  30.868   0.836  -3.084   0.777 0 2 1
1236 50    196 3402.25   -1.00  -1.00   0.00   0.000  0.000   0.000   0.000   0.000   0.000   0.000   0.000   0.000   0.000   0.000   0.000   0.000   0.000 -1 -1 -1
1236 50   4551 1731.97   -1.00  -1.00   0.00   0.000  0.000   0.000   0.000   0.000   0.000   0.000   0.000   0.000   0.000   0.000   0.000   0.000   0.000 -1 -1 -1
1236 50   3504 2612.37   -0.02  -0.12  20.96   0.018 21.202  20.490  21.113   6.640   0.748   0.545   8.300   0.698   0.518  24.330   0.684  -1.043   0.413 1061930663937593 0 1
1236 50   3245 2927.26   -0.23   0.16  20.80   0.018 21.726  20.800  21.009  10.518   0.823  -1.313  11.497   0.862  22.639  42.082   0.807  24.391   1.000 1061930663937778 0 1
1236 50    371 1115.77   -0.27   0.23  21.11   0.018 21.152  20.422  21.134   6.696   0.681  -0.392   8.437   0.612  -1.478  26.207   0.556  -1.987   0.067 0 0 1
1236 50   4127 1442.51   -0.21   0.49  22.71   0.022 23.171  22.484  22.710   5.714   0.659   3.970   7.096   0.566   5.208  20.729   0.495   7.204   0.730 1061930663936924 0 1
1236 50   3692  734.53    0.37   0.47  19.99   0.018 20.249  19.620     nan   5.898   0.793  35.651   7.384   0.747  36.998  19.671   0.718  36.425   0.463 0 0 1
1236 50   4820 2661.07    0.15   0.25  20.76   0.018 21.053  20.423  20.997   6.144   0.739  30.407   7.571   0.681  30.235  20.315   0.643  28.204   0.516 1061930663937607 0 1
1236 50   4203 2119.30    0.29   1.32    nan     nan    nan     nan     nan   2.929   0.959 -33.411     nan     nan     nan     nan     nan     nan     nan 0 0 1
1236 50   2062 2238.88    0.04  -0.04    nan     nan    nan     nan  20.005   5.798   0.718  41.190     nan     nan     nan     nan     nan     nan     nan 1061930663937421 0 1
1236 50    626 3170.53   -0.01  -0.07  19.92   0.018 20.115  19.594  20.046   5.428   0.793   5.769   6.625   0.733   6.011  15.420   0.698   5.260   0.422 1061930663937932 0 1
1236 50    276 2265.81   -0.05  -0.35  22.21   0.020 22.841  22.212  22.612   4.056   0.973  41.210   4.963   0.899  31.599  12.689   0.873  26.379   1.000 1061930663937373 0 1
1236 50    471  701.05   -0.04  -0.01    nan     nan    nan     nan  20.496   7.062   0.843  30.003     nan     nan     nan     nan     nan     nan     nan 1061930663936481 0 1
1236 50   2191 3936.96    0.00   0.00  20.22   0.018 20.519  19.779  20.488   6.734   0.659  14.639   8.506   0.591  14.199  25.680   0.581  15.671   0.470 0 2 1
1236 50   4761 3527.04   -0.29  -0.17  19.70   0.018 20.221  19.363  20.034   8.109   0.903  11.052  10.843   0.891  14.767  37.494   0.878  10.171   0.688 1061930663938255 0 1
1236 50   4172 3724.40   -0.24  -0.19  23.18   0.027 23.179  22.589     nan   5.077   0.717  10.857   5.488   0.668  11.513  13.572   0.670  11.810   0.000 0 0 1
1236 50    641 2291.17   -0.03  -0.06  20.15   0.018 20.498  20.107  20.329   3.909   0.845   9.416   4.415   0.751   7.183   8.148   0.705   5.026   0.892 0 2 1
1236 50   4302 3182.36   -0.22  -0.41  21.92   0.019 22.509  21.726  22.321   6.515   0.901   5.713   8.226   0.839   9.106  26.327   0.788  11.840   0.806 1061930663937943 0 1
1236 50   3216 3925.43   -0.39   0.31  22.22   0.020 22.286  21.547  22.343   5.633   0.786  22.301   6.771   0.731  19.414  20.442   0.706  15.937   0.126 0 0 1
1236 50   2962 1747.01    0.19  -0.16  21.51   0.018 22.338  21.514  22.128   5.867   0.861 -71.234   7.382   0.828 -66.891  23.491   0.838 -61.264   1.000 1061930663937096 0 1
1236 50   4393  262.78   -0.32   0.22    nan     nan    nan     nan     nan   8.118   0.627  27.584     nan     nan     nan     nan     nan     nan     nan 0 5 1
1236 50   3336 1617.75    0.09  -0.02  22.00   0.019 22.179  21.857  22.076   3.554   0.885  45.087   3.496   0.823  46.329   5.727   0.806  49.718   0.577 1061930663937021 0 1
1236 50   1869 1300.27   -0.18  -0.10  20.58   0.018 21.270  20.503  21.007   6.807   0.714  18.359   8.870   0.670  18.787  27.286   0.642  18.145   0.922 0 0 1
1236 50   4545 2862.85    0.13  -0.14  21.98   0.019 22.311  21.795  22.186   4.590   0.768  -8.798   5.482   0.629 -10.230  12.798   0.551 -12.561   0.680 1061930663937716 0 1
1236 50   2868 2462.47   -0.17  -0.07  19.92   0.018 20.498  19.698  20.249   5.897   0.803  42.785   7.336   0.778  42.426  22.123   0.862  45.997   0.778 0 2 1
1236 50    758 1796.96    0.04   0.03  20.66   0.018 20.841  20.214  20.792   5.684   0.799   5.806   6.938   0.748   5.541  18.648   0.702   5.518   0.333 0 0 1
1236 50   3071 1984.66   -0.32   0.05    nan     nan    nan     nan     nan   3.343   0.881  42.851     nan     nan     nan     nan     nan     nan     nan 1061930663937220 0 1
1236 50   3407 1977.86    0.66   0.40    nan     nan    nan     nan     nan   3.009   0.930 -23.260     nan     nan     nan     nan     nan     nan     nan 0 0 1
1236 50   2756 3132.74   -0.07  -0.05  19.93   0.018 20.225  19.565  20.141   6.083   0.859  12.086   7.706   0.823  12.363  21.547   0.782  11.026   0.508 1061930663937908 0 1
1236 50   2828 3434.00   -0.03   0.21  21.67   0.019 22.237  21.623  22.065   5.737   0.638  20.240   7.148   0.564  22.262  18.123   0.542  21.417   0.932 1061930663938108 0 1
1236 50   1219 2050.90    0.69   0.22  22.03   0.019 22.953  21.894  22.237  12.417   0.534 -57.368  13.440   0.644 -55.639  54.858   0.650 -55.372   0.913 0 0 1
1236 50   3732 2393.40    0.13  -0.08  19.97   0.018 20.193  19.655  20.130   5.182   0.898   2.791   6.203   0.869   2.150  14.499   0.856  -2.015   0.460 1061930663937453 0 1
1236 50   3558 2284.69    0.28   0.31    nan     nan    nan     nan     nan   3.386   0.951 -33.492     nan     nan     nan     nan     nan     nan     nan 0 0 1
1236 50   2289  482.00   -0.04  -0.20    nan     nan    nan     nan  21.063   6.785   0.701  30.743     nan     nan     nan     nan     nan     nan     nan 1061930663936356 0 1
1236 50   2064 2928.12   -0.03  -0.02  20.72   0.018 21.464  20.723  21.287   7.220   0.632  34.721  10.015   0.545  36.623  29.267   0.537  37.469   1.000 0 4 1
1236 50   1875  175.94   -1.00  -1.00   0.00   0.000  0.000   0.000   0.000   0.000   0.000   0.000   0.000   0.000   0.000   0.000   0.000   0.000   0.000 -1 -1 -1
1236 50   3485 3697.27    0.11  -0.17  20.67   0.018 21.261  20.582  21.047   5.795   0.844  34.508   7.298   0.800  32.325  20.036   0.785  30.348   0.890 1061930663938261 0 1
1236 50   3236 1968.46   -1.00  -1.00   0.00   0.000  0.000   0.000   0.000   0.000   0.000   0.000   0.000   0.000   0.000   0.000   0.000   0.000   0.000 -1 -1 -1
1236 50   3709 4023.56   -0.01  -0.10    nan     nan    nan     nan  20.272   6.923   0.706  37.936     nan     nan     nan     nan     nan     nan     nan 1061930663938440 0 1
1236 50   3625 1302.32   -0.02  -0.56  22.80   0.024 23.259  22.723  22.798   3.842   0.848 -85.470   4.163   0.810  89.822   9.500   0.773  84.144   0.887 1061930663936839 0 1
1236 50   4715  465.88   -1.00  -1.00   0.00   0.000  0.000   0.000   0.000   0.000   0.000   0.000   0.000   0.000   0.000   0.000   0.000   0.000   0.000 -1 -1 -1
1236 50   3528 2928.56   -0.39  -0.81  22.28   0.020 22.823  22.021     nan   6.594   0.893 -13.311   8.243   0.829 -15.655  27.252   0.756 -13.643   0.744 0 0 1
1236 50   2531 2498.83   -0.27   0.12  21.27   0.018 21.843  21.045  21.577   6.342   0.913  66.740   8.036   0.886  67.588  25.432   0.881  70.948   0.778 1061930663937520 0 1
1236 50   4338  570.41   -1.00  -1.00   0.00   0.000  0.000   0.000   0.000   0.000   0.000   0.000   0.000   0.000   0.000   0.000   0.000   0.000   0.000 -1 -1 -1
1236 50   2917 3707.13   -1.00  -1.00   0.00   0.000  0.000   0.000   0.000   0.000   0.000   0.000   0.000   0.000   0.000   0.000   0.000   0.000   0.000 -1 -1 -1
1236 50   2367 2222.72    0.00  -1.11    nan     nan    nan     nan     nan   3.183   0.926  44.818     nan     nan     nan     nan     nan     nan     nan 0 0 1
1236 50   4576 3862.62    0.16  -0.17  22.57   0.021 22.592  21.920  22.316   5.036   0.876 -46.094   5.998   0.829 -48.374  16.792   0.799 -55.696   0.049 1061930663938384 0 1
1236 50   4399   28.11   -0.11  -0.11  22.98   0.027 23.122  22.883     nan   4.068   0.678  39.759   3.992   0.540  38.609   5.814   0.489  37.993   0.612 0 0 1
1236 50   2212  267.71   -1.00  -1.00   0.00   0.000  0.000   0.000   0.000   0.000   0.000   0.000   0.000   0.000   0.000   0.000   0.000   0.000   0.000 -1 -1 -1
1236 50   2319 2442.45    0.05  -0.19    nan     nan    nan     nan  20.382   7.640   0.763   3.674     nan     nan     nan     nan     nan     nan     nan 1061930663937484 0 1
1236 50    616 3064.50    0.08  -0.10  20.78   0.018 20.934  20.249  20.871   5.911   0.834   8.776   7.224   0.795   8.097  20.834   0.751   8.016   0.282 1061930663937851 0 1
