# FakeX    FakeY    DiffX   DiffY   CmodMag   CmodErr  ExpMag  DevMag  KronMag  SdssR  SdssBa  SdssPa  ExpR  ExpBa  ExpPa  DevR  DevBa  DevPa  fracDev  parentID  nChild  extended
1236 59     34 1040.12   -0.22  -0.09  21.91   0.024 22.256  21.757  22.101   4.323   0.803  19.249   4.944   0.697  20.826  10.967   0.645  21.762   0.726 1061969318642239 0 1
1236 59     34 1040.12   -1.00  -1.00   0.00   0.000  0.000   0.000   0.000   0.000   0.000   0.000   0.000   0.000   0.000   0.000   0.000   0.000   0.000 -1 -1 -1
1236 59     24 2941.96    0.20  -0.04  20.81   0.023 21.227  20.659  21.089   4.961   0.863  38.273   6.044   0.800  35.975  14.591   0.768  33.347   0.770 0 0 1
1236 59     24 2941.96   -1.00  -1.00   0.00   0.000  0.000   0.000   0.000   0.000   0.000   0.000   0.000   0.000   0.000   0.000   0.000   0.000   0.000 -1 -1 -1
1236 59   2505 1147.16    1.42  -0.87    nan     nan    nan     nan     nan   4.085   0.853 -77.603     nan     nan     nan     nan     nan     nan     nan 1061969318642328 0 1
1236 59    472 2872.57   -0.20  -0.06  20.24   0.023 20.472  19.839  20.435   6.289   0.734  13.099   7.884   0.670  13.205  21.460   0.623  12.603   0.421 0 0 1
1236 59   2327 1005.52    0.02  -0.01  21.04   0.023 21.152  20.844  21.088   3.755   0.820  11.713   3.841   0.693  10.065   6.373   0.633   9.189   0.388 1061969318642234 0 1
1236 59   3648 3418.16    0.90   0.12  21.90   0.024 22.710  21.907  22.654   5.079   0.828 -38.934   6.394   0.798 -35.779  19.789   0.811 -29.583   1.000 1061969318643768 0 1
1236 59   4419 3640.45   -0.10  -0.00  21.95   0.024 22.109  21.712  22.090   4.189   0.821   6.442   4.521   0.708   5.768   8.744   0.644   5.738   0.426 0 0 1
1236 59   4621 2275.62    0.17  -0.63  22.96   0.030 23.419  22.962  23.042   3.975   0.763  73.532   4.264   0.642  72.841   8.537   0.620  74.999   1.000 1061969318643046 0 1
1236 59   2836 1436.99   -0.37  -0.65    nan     nan    nan     nan     nan   2.971   0.904   2.390     nan     nan     nan     nan     nan     nan     nan 0 0 1
1236 59    895 2553.62   -0.14   0.04  22.49   0.025 22.486  21.827     nan   5.729   0.732  48.570   6.530   0.688  44.787  17.805   0.677  41.097   0.000 0 2 1
1236 59   2912  746.79    0.53   0.08  22.14   0.024 22.498  21.745  22.371   6.202   0.713  15.744   7.658   0.636  17.699  23.728   0.591  18.776   0.555 0 0 1
1236 59   2878 1495.46    0.26  -0.41  22.77   0.027 23.386  22.770  22.959   4.528   0.827  13.163   5.021   0.784   8.132  12.486   0.772   1.193   1.000 0 0 1
1236 59   1523 1261.51    0.08  -0.13  20.82   0.023 21.082  20.309  21.022   6.466   0.819  40.531   8.066   0.787  40.446  25.468   0.759  41.467   0.416 1061969318642411 0 1
1236 59   1457 1482.20   -0.14   0.07  20.18   0.023 20.776  20.079  20.523   5.928   0.810   1.282   7.847   0.756   3.757  22.322   0.722   2.361   0.880 1061969318642537 0 1
1236 59   2965 2803.75   -0.01  -0.08  20.50   0.023 20.852  20.207  20.733   5.412   0.911  16.249   6.644   0.873  14.307  17.812   0.847  11.553   0.601 1061969318643361 0 1
1236 59   2121 3562.94   -0.12  -0.15  21.69   0.023 22.048  21.409  22.026   9.233   0.514  -9.634  10.535   0.508  -7.792  27.094   0.545  -4.556   0.614 0 3 1
1236 59   1932  499.80    0.07   0.06  21.32   0.023 21.397  20.633  25.030   6.584   0.773  12.727   8.190   0.723  13.021  25.972   0.683  10.398   0.135 0 2 1
1236 59   4436 3424.84    0.29  -0.48  21.84   0.023 22.340  21.620  22.157   4.910   0.844 -36.192   6.081   0.773 -31.505  17.906   0.728 -26.190   0.751 1061969318643768 0 1
1236 59   2339  695.21    0.14  -0.42  21.39   0.023 22.016  21.168  21.792   6.910   0.707  10.688   9.114   0.642   9.474  31.114   0.608   8.494   0.804 1061969318642057 0 1
1236 59   4813 3677.97    0.10  -0.38  22.66   0.027 22.656  22.205     nan   4.257   0.889  59.119   4.536   0.825  54.990   9.723   0.742  56.072   0.000 1061969318643941 0 1
1236 59   2321 2208.02   -0.45   0.26  22.50   0.025 22.782  22.208  22.687   4.511   0.844  46.554   5.219   0.787  45.858  12.733   0.759  46.644   0.542 1061969318642994 0 1
1236 59   2321 2208.02   -1.00  -1.00   0.00   0.000  0.000   0.000   0.000   0.000   0.000   0.000   0.000   0.000   0.000   0.000   0.000   0.000   0.000 -1 -1 -1
1236 59   4669   20.85    0.16   0.15    nan     nan    nan     nan     nan   5.560   0.719  37.564     nan     nan     nan     nan     nan     nan     nan 0 0 1
1236 59   4595 4116.63   -0.85   0.07  22.04   0.024 22.468  21.949  22.269   4.894   0.796  22.787   5.503   0.732  20.495  12.389   0.695  18.601   0.857 0 0 1
1236 59   2318 1538.71   -0.50  -0.71  21.43   0.023 21.875  21.045     nan   6.871   0.815  39.528   8.628   0.786  36.605  28.561   0.774  34.528   0.626 0 0 1
1236 59   3655 1773.96   -0.04   0.17  21.26   0.023 21.674  21.060  21.541   5.164   0.813  42.334   6.249   0.754  39.531  15.963   0.729  38.343   0.720 0 0 1
1236 59   4075 3351.98   -0.05  -0.06  20.05   0.023 20.180  19.909  20.094   3.450   0.922  23.318   3.422   0.843  19.231   5.130   0.809  16.773   0.494 0 0 1
1236 59    520 1981.45   -0.46  -0.13  23.12   0.032 23.362  22.935  29.251   4.072   0.827  -6.913   4.113   0.761   1.080   8.116   0.714   4.170   0.593 0 0 1
1236 59    242  160.40   -0.40   0.82  23.74   0.049 23.740  23.650  23.591   2.323   0.916  34.467   1.420   0.715  27.949   1.439   0.642  43.137   0.000 1061969318641845 0 1
1236 59   2973 2413.38   -0.02   0.07  20.18   0.023 20.537  19.999  20.392   4.624   0.930   9.284   5.605   0.902   4.768  12.951   0.875   1.828   0.710 0 0 1
1236 59   3439 2757.13    0.14  -0.10  20.53   0.023 20.889  20.243  20.754   6.462   0.727  31.181   8.225   0.666  30.589  22.530   0.625  31.383   0.619 1061969318643343 0 1
1236 59    351 3546.47   -0.09  -0.10  20.04   0.023 20.044  19.589  20.014   5.613   0.664   0.305   6.683   0.552   0.364  14.824   0.483   0.317   0.021 1061969318643876 0 1
1236 59   4557 1234.99   -0.83   0.70  22.89   0.028 22.894  22.342  22.900   4.888   0.727 -38.898   5.380   0.649 -36.645  13.074   0.616 -35.827   0.000 1061969318642386 0 1
1236 59   4557 1234.99   -1.00  -1.00   0.00   0.000  0.000   0.000   0.000   0.000   0.000   0.000   0.000   0.000   0.000   0.000   0.000   0.000   0.000 -1 -1 -1
1236 59   2585 4009.87   -0.67  -0.85    nan     nan    nan     nan     nan   3.333   0.938  44.428     nan     nan     nan     nan     nan     nan     nan 0 0 1
1236 59   1377 1111.46   -0.90  -0.35    nan     nan    nan     nan     nan  11.248   0.557  41.709     nan     nan     nan     nan     nan     nan     nan 0 0 1
1236 59   2097   76.45   -0.12  -0.07  21.38   0.023 21.592  20.789  21.536   6.062   0.833  31.088   7.633   0.783  31.607  24.805   0.761  31.071   0.330 0 0 1
1236 59     21 1634.43   -0.14  -0.16  22.38   0.025 22.511  22.251  22.435   3.832   0.699   6.546   3.864   0.517   6.234   5.885   0.457   7.142   0.536 0 0 1
1236 59     21 1634.43   -1.00  -1.00   0.00   0.000  0.000   0.000   0.000   0.000   0.000   0.000   0.000   0.000   0.000   0.000   0.000   0.000   0.000 -1 -1 -1
1236 59   3698 2471.92    0.15  -0.17    nan     nan    nan     nan     nan   3.069   0.933  56.640     nan     nan     nan     nan     nan     nan     nan 0 0 1
1236 59   4189 2666.97   -0.04  -0.19  20.73   0.023 21.080  20.508  20.970   5.015   0.868  54.250   6.039   0.825  53.843  14.615   0.807  52.142   0.665 0 0 1
1236 59   4189 2666.97   -1.00  -1.00   0.00   0.000  0.000   0.000   0.000   0.000   0.000   0.000   0.000   0.000   0.000   0.000   0.000   0.000   0.000 -1 -1 -1
1236 59    980  820.27    0.32  -0.27  20.15   0.023 20.572  19.935  20.446   5.843   0.798  12.280   7.638   0.731  12.212  20.568   0.688  10.930   0.715 0 2 1
1236 59    980  820.27   -1.00  -1.00   0.00   0.000  0.000   0.000   0.000   0.000   0.000   0.000   0.000   0.000   0.000   0.000   0.000   0.000   0.000 -1 -1 -1
1236 59    262 2190.78   -0.04  -0.14  21.15   0.023 21.341  21.048  21.225   3.271   0.962  19.343   3.150   0.929   8.147   4.812   0.925  -9.297   0.671 0 0 1
1236 59    262 2190.78   -1.00  -1.00   0.00   0.000  0.000   0.000   0.000   0.000   0.000   0.000   0.000   0.000   0.000   0.000   0.000   0.000   0.000 -1 -1 -1
1236 59   2422 1843.07    0.06  -0.12  19.78   0.023 20.236  19.395  20.123   7.369   0.853  -1.918   9.825   0.834  -0.815  33.574   0.805  -1.128   0.623 0 2 1
1236 59   4836  655.90   -0.08  -0.22  20.48   0.023 20.850  20.083  20.704   6.847   0.744  42.308   8.829   0.691  41.970  27.847   0.654  41.933   0.565 1061969318642038 0 1
1236 59   1576 3382.99    0.30  -0.26  21.92   0.024 22.439  21.901  22.220   4.547   0.817  40.415   5.230   0.744  35.827  11.941   0.709  32.116   0.975 0 0 1
1236 59   2800 3977.69   -1.29  -0.27  22.63   0.026 22.801  22.153  22.792   5.495   0.788  -4.838   6.268   0.723  -4.460  16.636   0.726  -0.636   0.321 1061969318644093 0 1
1236 59   4195  679.70   -0.02   0.06  20.59   0.023 21.182  20.542  20.948   5.111   0.835  38.839   6.593   0.769  38.118  17.307   0.740  36.288   0.938 0 0 1
1236 59   1234 2670.30    0.16   0.02  21.88   0.024 22.294  21.550  22.149   6.218   0.704  43.515   7.776   0.666  42.850  22.980   0.673  44.538   0.633 1061969318643289 0 1
1236 59   2564 2850.65   -0.04   0.35  20.55   0.023 20.855  20.200  20.817   6.204   0.772  15.131   7.716   0.718  15.733  21.441   0.673  16.013   0.530 0 0 1
1236 59   3686 2738.31    0.38   0.14  22.07   0.024 22.582  21.837  22.495   5.164   0.833 -17.164   6.325   0.784 -10.669  19.009   0.748  -6.700   0.748 0 0 1
1236 59   4702 2146.04   -0.02  -0.13  20.52   0.023 21.066  20.344  20.902   5.759   0.884  46.630   7.516   0.841  44.791  22.008   0.816  44.627   0.799 0 3 1
1236 59   4773 1795.63   -0.97   0.48  23.70   0.044 24.037  23.596  23.290   6.481   0.426  24.618   6.743   0.316  24.719  12.862   0.351  25.814   0.779 1061969318642750 0 1
1236 59    738  828.80    0.14   0.02  21.83   0.024 22.316  21.758  21.806   4.436   0.891  28.170   5.046   0.854  25.330  11.659   0.851  22.398   0.898 0 0 1
1236 59   4584 2034.43    0.32  -0.03  22.10   0.024 22.428  21.813  22.352   4.985   0.823  16.497   5.692   0.792  17.200  14.381   0.785  17.438   0.590 0 0 1
