# FakeX    FakeY    DiffX   DiffY   CmodMag   CmodErr  ExpMag  DevMag  KronMag  SdssR  SdssBa  SdssPa  ExpR  ExpBa  ExpPa  DevR  DevBa  DevPa  fracDev  parentID  nChild  extended
1236 43     34 1040.12   -0.01  -0.00  21.82   0.022 22.186  21.650  22.092   5.299   0.667  21.235   6.185   0.573  20.827  14.472   0.529  19.878   0.716 0 0 1
1236 43   2371 3033.01    0.09   0.06  22.94   0.027 22.935  22.260  22.946   6.005   0.603  23.486   7.175   0.507  22.070  20.495   0.471  21.372   0.000 1061900599166470 0 1
1236 43     24 2941.96    0.12   0.04  20.49   0.021 21.008  20.328  20.896   5.423   0.963  62.860   6.768   0.951  57.929  18.572   0.947  50.929   0.810 0 0 1
1236 43   4467 3302.82   -0.17   1.08  23.42   0.038 23.516  23.078     nan   4.349   0.684 -76.254   4.690   0.502 -74.684   9.758   0.434 -73.118   0.260 0 0 1
1236 43   2505 1147.16    0.57  -0.77  22.07   0.022 22.993  22.072  22.308  11.354   0.536  44.381  11.841   0.581  46.258  41.268   0.576  42.478   1.000 0 0 1
1236 43    472 2872.57   -0.04  -0.05  20.31   0.021 20.463  19.806  20.423   6.259   0.783  15.037   7.740   0.730  14.725  21.762   0.680  13.907   0.284 0 0 1
1236 43   2327 1005.52    0.06  -0.01    nan     nan    nan     nan  21.292   3.487   0.859  15.603     nan     nan     nan     nan     nan     nan     nan 1061900599165394 0 1
1236 43   2327 1005.52   -1.00  -1.00   0.00   0.000  0.000   0.000   0.000   0.000   0.000   0.000   0.000   0.000   0.000   0.000   0.000   0.000   0.000 -1 -1 -1
1236 43   4419 3640.45   -0.04  -0.26  21.62   0.021 21.983  21.482  21.865   4.409   0.833   9.440   5.192   0.725   4.132  11.794   0.640   0.897   0.766 0 0 1
1236 43   4621 2275.62   -0.07   0.19  23.35   0.036 23.550  23.094  23.584   3.816   0.946 -46.418   4.141   0.811 -28.933   8.988   0.681 -32.539   0.489 1061900599166073 0 1
1236 43   2836 1436.99   -0.51  -1.23  23.19   0.033 23.689  23.133  23.268   3.606   0.868  26.656   3.682   0.760  25.185   9.469   0.595  35.348   0.908 1061900599165625 0 1
1236 43    895 2553.62   -0.18   0.00    nan     nan    nan     nan     nan   3.168   0.879  46.318     nan     nan     nan     nan     nan     nan     nan 0 0 1
1236 43   2912  746.79   -0.25   0.45  22.45   0.023 22.452  21.729  22.410   5.724   0.784  22.439   6.737   0.735  19.898  19.853   0.720  17.919   0.000 0 0 1
1236 43   2878 1495.46   -0.40   0.24    nan     nan    nan     nan     nan   3.306   0.809  41.066     nan     nan     nan     nan     nan     nan     nan 1061900599165654 0 1
1236 43   1523 1261.51    0.02  -0.12  20.76   0.021 21.113  20.322  21.082   6.554   0.815  35.897   8.260   0.781  36.007  26.537   0.752  36.585   0.534 0 0 1
1236 43   1457 1482.20    0.02  -0.12    nan     nan    nan     nan  21.173   5.212   0.711   2.593     nan     nan     nan     nan     nan     nan     nan 1061900599165710 0 1
1236 43   2965 2803.75    0.02  -0.01  20.45   0.021 20.846  20.193  20.717   5.433   0.905  12.752   6.815   0.860  13.239  18.462   0.832  11.559   0.666 0 0 1
1236 43   2121 3562.94   -0.25   0.48  21.89   0.022 22.152  21.561  22.043   8.659   0.388  51.270  11.203   0.290  49.852  28.633   0.274  49.749   0.499 0 4 1
1236 43   1932  499.80   -0.54   0.10  21.43   0.021 21.429  20.676  21.427   6.621   0.706   0.568   8.303   0.632  -0.469  26.826   0.565  -1.348   0.000 1061900599165153 0 1
1236 43   4436 3424.84   -0.46  -1.84    nan     nan    nan     nan     nan   3.366   0.850  50.950     nan     nan     nan     nan     nan     nan     nan 1061900599166705 0 1
1236 43   2339  695.21    0.06   0.24  21.01   0.021 21.703  20.824  21.623   8.498   0.741  68.408  10.738   0.752  66.534  36.442   0.782  64.732   0.843 0 2 1
1236 43   4813 3677.97   -0.66  -0.48  22.83   0.028 22.826  22.482  22.879   3.981   0.816  22.722   4.039   0.708  20.687   7.350   0.628  20.802   0.000 1061900599166871 0 1
1236 43   2321 2208.02    0.38   0.10  22.11   0.022 22.623  21.974  22.180   5.761   0.686 -13.601   6.826   0.591 -10.882  18.820   0.521  -9.108   0.832 0 0 1
1236 43   1570 3606.44    0.38  -0.09  21.70   0.021 22.167  21.275  22.170   7.150   0.786  -2.795   9.294   0.743  -5.663  33.200   0.722  -9.143   0.619 0 0 1
1236 43   4669   20.85    0.16   0.15    nan     nan    nan     nan     nan   5.492   0.720  37.710     nan     nan     nan     nan     nan     nan     nan 0 0 1
1236 43   4595 4116.63    0.70  -0.21  22.51   0.024 22.747  22.173  22.714   5.499   0.687  39.383   6.381   0.582  37.225  16.260   0.506  35.905   0.465 0 0 1
1236 43   2318 1538.71    0.50   0.29  21.77   0.021 21.996  21.275     nan   6.783   0.781  45.274   8.090   0.754  43.541  23.726   0.750  42.003   0.374 0 0 1
1236 43   3655 1773.96    0.38   0.05    nan     nan    nan     nan     nan  47.409   0.780  -8.760     nan     nan     nan     nan     nan     nan     nan 1061900599165810 0 1
1236 43   4075 3351.98   -0.04  -0.12  20.00   0.021 20.161  19.869  20.059   3.540   0.896  27.759   3.543   0.832  20.752   5.494   0.807  15.862   0.564 1061900599166651 0 1
1236 43    520 1981.45   -0.09  -0.18  22.76   0.027 23.273  22.721  22.777   4.640   0.811  58.379   4.755   0.786  56.910  10.889   0.774  61.023   0.943 0 0 1
1236 43    242  160.40    0.69   0.13  20.74   0.020 21.522  20.733  21.038   7.024   0.705  15.428   9.245   0.649  16.283  29.272   0.612  15.822   0.992 0 0 1
1236 43   2973 2413.38    0.01  -0.06  19.62   0.021 20.466  19.621  20.158   4.820   0.926  22.204   6.170   0.894  23.440  23.015   0.667   4.787   1.000 0 2 1
1236 43   3439 2757.13    0.10   0.02  20.42   0.021 20.878  20.154  20.719   6.841   0.704  31.755   8.744   0.655  30.888  26.021   0.625  29.172   0.700 1061900599166317 0 1
1236 43    351 3546.47   -0.15  -0.11  20.06   0.021 20.060  19.604  20.048   5.619   0.668   2.348   6.618   0.561   1.487  14.764   0.490   0.912   0.000 0 2 1
1236 43   4557 1234.99   -0.03  -0.31  22.19   0.022 22.751  22.155  22.758   7.726   0.478  -0.328   8.524   0.444  -0.113  21.403   0.416  -1.360   0.955 0 2 1
1236 43   4557 1234.99   -1.00  -1.00   0.00   0.000  0.000   0.000   0.000   0.000   0.000   0.000   0.000   0.000   0.000   0.000   0.000   0.000   0.000 -1 -1 -1
1236 43   2585 4009.87    1.14   0.13    nan     nan    nan     nan     nan   3.652   0.782  35.589     nan     nan     nan     nan     nan     nan     nan 0 0 1
1236 43   1377 1111.46    0.35   0.37  22.78   0.027 23.125  22.582  22.895   4.300   0.739  -6.202   4.786   0.626  -8.276  11.224   0.579  -8.036   0.679 0 0 1
1236 43   2097   76.45   -0.07  -0.03  21.46   0.020 21.540  20.756  21.576   6.202   0.817  48.972   7.586   0.785  47.377  24.071   0.771  45.778   0.143 1061900599164957 0 1
1236 43     21 1634.43    0.44   0.11  22.20   0.023 22.369  22.074  22.342   4.634   0.610  -3.809   4.994   0.442  -4.734   8.360   0.370  -5.193   0.582 1061900599165725 0 1
1236 43    850 3484.92    0.38   0.35  23.94   0.058 23.944  23.668     nan   3.323   0.852  24.759   3.059   0.695  15.667   5.044   0.562   6.989   0.000 0 0 1
1236 43   3698 2471.92    0.06  -0.61  22.35   0.023 22.931  22.113  23.011   7.845   0.584  19.325  10.045   0.516  18.984  33.323   0.475  17.939   0.775 1061900599166161 0 1
1236 43   4189 2666.97   -0.37  -0.42  20.71   0.021 21.035  20.464  20.914   5.005   0.848  39.056   6.087   0.793  35.912  14.882   0.763  33.957   0.619 0 0 1
1236 43   1042 1120.64   -0.18  -0.10    nan     nan    nan     nan     nan   2.863   0.929  33.693     nan     nan     nan     nan     nan     nan     nan 0 0 1
1236 43    980  820.27    0.32  -0.27  20.09   0.020 20.515  19.857  20.404   6.166   0.791  13.735   7.847   0.749  12.966  21.482   0.718  11.700   0.702 0 0 1
1236 43    980  820.27   -1.00  -1.00   0.00   0.000  0.000   0.000   0.000   0.000   0.000   0.000   0.000   0.000   0.000   0.000   0.000   0.000   0.000 -1 -1 -1
1236 43    262 2190.78   -0.01  -0.14  21.28   0.021 21.399  21.138  21.321   3.288   0.935  18.362   3.048   0.876   9.066   4.468   0.850   6.526   0.479 1061900599166025 0 1
1236 43    262 2190.78   -1.00  -1.00   0.00   0.000  0.000   0.000   0.000   0.000   0.000   0.000   0.000   0.000   0.000   0.000   0.000   0.000   0.000 -1 -1 -1
1236 43   2422 1843.07    0.00  -0.11  19.79   0.021 20.244  19.415  20.133   7.697   0.831   6.576  10.167   0.799   6.699  34.276   0.772   3.697   0.625 1061900599165823 0 1
1236 43   4836  655.90    0.27  -0.01    nan     nan    nan     nan  21.146   5.364   0.789  48.454     nan     nan     nan     nan     nan     nan     nan 1061900599165197 0 1
1236 43   1576 3382.99    0.14   0.23  22.46   0.024 22.463  21.957     nan   4.941   0.831  68.713   5.309   0.783  69.452  12.089   0.741  70.214   0.000 0 0 1
1236 43   1576 3382.99   -1.00  -1.00   0.00   0.000  0.000   0.000   0.000   0.000   0.000   0.000   0.000   0.000   0.000   0.000   0.000   0.000   0.000 -1 -1 -1
1236 43   4195  679.70   -0.17  -0.18  20.62   0.020 21.108  20.488  20.929   4.979   0.914  47.724   6.243   0.875  47.630  15.965   0.857  46.583   0.829 1061900599165236 0 1
1236 43   1234 2670.30    0.34  -0.51  21.85   0.022 22.367  21.705  22.309   6.096   0.801  34.626   6.977   0.795  30.971  18.643   0.797  26.759   0.819 0 0 1
1236 43   2564 2850.65   -0.04   0.35  20.42   0.021 20.775  20.024  20.680   6.436   0.786  11.535   8.175   0.752  11.441  25.280   0.716  10.469   0.545 0 0 1
1236 43   3686 2738.31    0.08  -0.11  21.73   0.021 22.332  21.489  22.137   6.369   0.820  -4.687   8.186   0.754  -5.170  27.992   0.701  -4.827   0.785 0 0 1
1236 43   4702 2146.04   -0.13  -0.15  20.14   0.021 20.762  19.973  20.343   7.694   0.784  49.958   9.808   0.762  47.670  30.861   0.751  44.319   0.835 1061900599166019 0 1
1236 43   4702 2146.04   -1.00  -1.00   0.00   0.000  0.000   0.000   0.000   0.000   0.000   0.000   0.000   0.000   0.000   0.000   0.000   0.000   0.000 -1 -1 -1
1236 43    738  828.80    0.35   0.20  22.32   0.024 22.606  22.218  22.431   3.696   0.905  24.279   3.735   0.879  29.215   6.786   0.859  34.650   0.769 0 0 1
1236 43    738  828.80   -1.00  -1.00   0.00   0.000  0.000   0.000   0.000   0.000   0.000   0.000   0.000   0.000   0.000   0.000   0.000   0.000   0.000 -1 -1 -1
