# FakeX    FakeY    DiffX   DiffY   CmodMag   CmodErr  ExpMag  DevMag  KronMag  SdssR  SdssBa  SdssPa  ExpR  ExpBa  ExpPa  DevR  DevBa  DevPa  fracDev  parentID  nChild  extended
1236 32   2817 3968.68    0.68   0.24  22.95   0.036 23.447  22.949     nan   6.387   0.545   7.229   6.945   0.796  80.894  15.558   0.693  15.743   0.992 0 3 1
1236 32   1070 2665.79    0.03  -0.14  21.96   0.032 22.195  21.849  22.062   3.826   0.830  42.708   3.943   0.731  44.772   6.840   0.687  45.186   0.709 0 0 1
1236 32    979  742.58   -0.25  -0.20  22.84   0.035 22.912  22.481  22.843   4.003   0.902  40.874   4.255   0.800  42.017   8.889   0.695  42.850   0.198 1061853354525181 0 1
1236 32   4148 1864.92    0.01  -0.01  20.65   0.031 20.860  20.161  20.797   6.291   0.770  -0.439   7.810   0.721   0.265  22.882   0.686   0.487   0.357 1061853354525864 0 1
1236 32   3423 3127.69    0.99  -0.13  22.53   0.033 23.176  22.438  22.950   5.243   0.703  41.240   6.317   0.622  40.304  18.649   0.598  40.393   0.906 1061853354526633 0 1
1236 32   4402 3772.64    0.01  -0.05  20.59   0.031 20.856  20.366  20.737   4.854   0.755  41.973   5.746   0.656  41.182  12.742   0.604  39.926   0.589 1061853354527001 0 1
1236 32   4402 3772.64   -1.00  -1.00   0.00   0.000  0.000   0.000   0.000   0.000   0.000   0.000   0.000   0.000   0.000   0.000   0.000   0.000   0.000 -1 -1 -1
1236 32   1403 1861.70    0.35  -0.10  23.47   0.044 23.702  23.328  22.935   3.778   0.567  12.117   3.806   0.260  11.602   6.583   0.331  12.834   0.639 0 0 1
1236 32   2809 3737.61   -0.01  -0.07  21.21   0.031 21.474  20.609  21.316   6.986   0.811  37.431   8.897   0.785  34.922  30.960   0.770  31.956   0.392 0 0 1
1236 32   2323 1280.62    0.16  -0.18  19.85   0.031 20.368  19.530  20.206   8.070   0.698   5.455  10.871   0.661   5.575  37.008   0.633   4.872   0.695 0 3 1
1236 32   3762 1345.86   -0.06   0.28    nan     nan    nan     nan     nan   3.057   0.910  76.822     nan     nan     nan     nan     nan     nan     nan 0 0 1
1236 32   2965 3147.24   -0.34   0.04  20.20   0.031 20.732  20.054  20.551   5.955   0.936   4.690   7.655   0.911  -0.127  21.382   0.882  -4.273   0.817 1061853354526707 0 1
1236 32   2873  466.85    0.32  -0.27  20.00   0.031 20.437  19.782  20.308   5.990   0.862 -19.780   7.581   0.841 -11.742  20.517   0.821 -10.873   0.723 1061853354524958 0 1
1236 32   4155 1119.32    0.14   0.06  21.40   0.031 21.925  21.204  21.903   7.824   0.668  -7.605   9.188   0.667  -4.823  26.366   0.677  -3.039   0.785 0 2 1
1236 32    815 1609.93   -0.06  -0.05    nan     nan    nan     nan  21.209   3.597   0.879  16.052     nan     nan     nan     nan     nan     nan     nan 1061853354525712 0 1
1236 32   3176 2158.47   -0.40  -0.57  22.70   0.033 23.009  22.283     nan   5.487   0.837  15.317   6.324   0.839  16.717  18.124   0.859  14.909   0.508 0 0 1
1236 32   3176 2158.47   -1.00  -1.00   0.00   0.000  0.000   0.000   0.000   0.000   0.000   0.000   0.000   0.000   0.000   0.000   0.000   0.000   0.000 -1 -1 -1
1236 32   2371  317.75    0.06  -0.80    nan     nan    nan     nan     nan   3.156   0.922  25.237     nan     nan     nan     nan     nan     nan     nan 0 0 1
1236 32   3780 3240.51   -0.02   0.01  20.76   0.031 21.190  20.739  20.969   3.779   0.876  25.072   4.039   0.809  24.872   8.258   0.740  25.265   0.968 0 2 1
1236 32    178 1049.42    0.03  -0.05  21.45   0.031 21.673  21.200  21.557   4.556   0.789  22.565   5.104   0.706  23.319  10.869   0.671  23.021   0.509 0 0 1
1236 32    337  988.01    0.04  -0.01  22.33   0.033 22.584  21.974  22.581   4.892   0.859  21.089   5.646   0.787  18.171  14.525   0.739  15.894   0.471 0 0 1
1236 32   1000   23.41    0.44  -0.41    nan     nan    nan     nan  20.555   4.613   0.780  17.993     nan     nan     nan     nan     nan     nan     nan 0 3 1
1236 32   4293 2255.39    0.02   0.00  20.03   0.031 20.204  19.731  20.120   4.573   0.906  14.213   5.276   0.863  12.203  11.260   0.843  10.930   0.409 1061853354526081 0 1
1236 32   1334  820.74    0.00  -0.19  20.32   0.031 20.875  20.075  20.760   6.665   0.877  -5.686   8.509   0.860  -4.059  27.127   0.847  -6.099   0.761 0 0 1
1236 32   3293  544.71   -0.27  -0.71  23.10   0.037 23.101  22.527     nan   4.927   0.795  55.964   5.445   0.756  53.252  13.578   0.719  50.135   0.000 1061853354525021 0 1
1236 32   3955 3190.15    0.51  -0.22  20.76   0.031 21.368  20.514  21.171   7.055   0.786   3.583   9.299   0.737   4.807  31.945   0.702   4.753   0.779 0 0 1
1236 32   1792 2224.75    0.59  -0.21    nan     nan    nan     nan     nan   3.195   0.873  10.598     nan     nan     nan     nan     nan     nan     nan 0 0 1
1236 32   1792 2224.75   -1.00  -1.00   0.00   0.000  0.000   0.000   0.000   0.000   0.000   0.000   0.000   0.000   0.000   0.000   0.000   0.000   0.000 -1 -1 -1
1236 32    776 1352.96    0.09   0.62  23.86   0.053 23.952  23.802     nan   5.978   0.370  34.206   6.634   0.177  36.085   8.975   0.137  36.915   0.518 0 0 1
1236 32   3043 3948.70   -0.27  -0.22  22.52   0.033 22.525  22.166  24.966   4.010   0.871  39.997   3.999   0.809  39.372   7.236   0.770  40.123   0.000 0 0 1
1236 32   4192 3491.53   -0.85   0.35  22.33   0.032 22.492  21.959  22.262   4.153   0.906 -57.830   4.692   0.822 -60.056  10.866   0.803 -57.331   0.347 1061853354526826 0 1
1236 32   4192 3491.53   -1.00  -1.00   0.00   0.000  0.000   0.000   0.000   0.000   0.000   0.000   0.000   0.000   0.000   0.000   0.000   0.000   0.000 -1 -1 -1
1236 32   1483  880.51    0.07  -0.01  20.41   0.031 20.973  20.348  20.728   4.928   0.930  37.556   6.191   0.916  35.683  15.691   0.914  32.486   0.924 0 0 1
1236 32     28 2901.70    0.07  -0.11  20.80   0.031 21.125  20.663  20.973   4.687   0.763  19.128   5.556   0.674  17.976  11.644   0.637  16.401   0.730 1061853354526491 0 1
1236 32   4054  346.54    0.16  -0.04  20.89   0.031 21.195  20.596  21.062   5.503   0.779  -0.940   6.654   0.717   0.249  16.961   0.681   0.538   0.565 0 0 1
1236 32    638 1624.60    0.03   0.14  20.82   0.031 21.541  20.819  21.208   5.302   0.937  28.068   6.674   0.941  16.932  19.025   0.930   3.224   1.000 0 0 1
1236 32    638 1624.60   -1.00  -1.00   0.00   0.000  0.000   0.000   0.000   0.000   0.000   0.000   0.000   0.000   0.000   0.000   0.000   0.000   0.000 -1 -1 -1
1236 32   4563  714.26    0.07  -0.04  21.60   0.031 22.190  21.545  21.810   4.950   0.906  62.593   5.754   0.891  60.282  14.812   0.898  61.317   0.937 0 0 1
1236 32   2013  600.96   -0.12  -0.42  21.19   0.031 21.302  20.564  21.230   6.511   0.806  31.889   8.115   0.756  31.120  25.026   0.716  29.168   0.200 1061853354525052 0 1
1236 32   1816 1535.21    0.50  -0.07  21.67   0.031 22.110  21.427  21.889   8.101   0.599  16.746   9.839   0.539  16.632  28.305   0.500  17.458   0.697 0 3 1
1236 32   1816 1535.21   -1.00  -1.00   0.00   0.000  0.000   0.000   0.000   0.000   0.000   0.000   0.000   0.000   0.000   0.000   0.000   0.000   0.000 -1 -1 -1
1236 32   1395 3137.89    0.07   0.02  21.25   0.031 21.495  20.873  21.403   5.496   0.761  -2.517   6.642   0.691  -2.649  17.602   0.645  -2.811   0.461 0 0 1
1236 32   3572 2865.65   -0.01   0.09  20.92   0.031 21.328  20.658  21.202   5.352   0.895  46.656   6.472   0.875  51.411  17.664   0.866  54.891   0.675 0 0 1
1236 32   3572 2865.65   -1.00  -1.00   0.00   0.000  0.000   0.000   0.000   0.000   0.000   0.000   0.000   0.000   0.000   0.000   0.000   0.000   0.000 -1 -1 -1
1236 32   3846  153.97    0.16  -0.21  21.79   0.031 22.285  21.497  22.925   6.738   0.676  35.657   8.432   0.612  37.450  26.668   0.590  38.431   0.700 0 0 1
1236 32   2772 2854.89    0.05   0.79  21.94   0.031 22.408  21.656  22.499   5.992   0.769  60.793   7.265   0.721  64.917  22.052   0.691  69.011   0.695 0 0 1
1236 32   2120 2466.12    0.09  -0.04  20.75   0.031 21.100  20.692  20.927   3.804   0.918  -0.096   4.147   0.877  -1.158   7.785   0.851  -1.625   0.871 0 0 1
1236 32   3723 3175.73    1.07   0.63  22.64   0.033 22.942  22.301  22.814   7.660   0.646  58.040   8.505   0.629  54.791  23.212   0.591  53.968   0.540 1061853354526667 0 1
1236 32   3277 3190.33   -0.21  -0.18    nan     nan    nan     nan  20.404   6.153   0.822  34.161     nan     nan     nan     nan     nan     nan     nan 1061853354526707 0 1
1236 32   3022 3833.92    0.08  -0.12  20.95   0.031 21.519  20.859  21.266   5.928   0.732  39.703   7.427   0.670  40.007  20.058   0.646  39.750   0.890 1061853354527040 0 1
1236 32   2855 3498.45   -0.07  -0.06  21.25   0.031 21.247  20.774  21.238   4.952   0.783   6.865   5.619   0.705   4.957  12.357   0.668   4.005   0.000 1061853354526853 0 1
1236 32   1298 3311.90   -0.04  -0.10  20.79   0.031 21.076  20.720  20.934   3.913   0.812  24.533   4.228   0.711  24.286   7.343   0.679  22.453   0.821 0 0 1
1236 32   1009 2594.64    0.08  -0.07  21.85   0.032 22.015  21.740  21.898   3.344   0.829  30.587   3.207   0.691  32.251   4.894   0.640  32.995   0.627 0 0 1
1236 32   4886 1190.96    0.02  -0.04  20.50   0.031 20.660  20.384  20.553   3.309   0.946  23.983   3.116   0.909  19.027   4.617   0.905  12.555   0.609 0 0 1
1236 32   2402 3889.18   -0.19  -0.16  20.87   0.031 21.615  20.873  21.197   5.567   0.837  33.581   7.233   0.790  33.307  21.244   0.768  29.876   1.000 0 0 1
1236 32   2402 3889.18   -1.00  -1.00   0.00   0.000  0.000   0.000   0.000   0.000   0.000   0.000   0.000   0.000   0.000   0.000   0.000   0.000   0.000 -1 -1 -1
1236 32   2482  965.39    0.01  -0.02  21.00   0.031 21.081  20.764  21.024   4.302   0.711  22.741   4.647   0.567  22.234   8.009   0.501  22.072   0.265 0 0 1
1236 32   2482  965.39   -1.00  -1.00   0.00   0.000  0.000   0.000   0.000   0.000   0.000   0.000   0.000   0.000   0.000   0.000   0.000   0.000   0.000 -1 -1 -1
1236 32    112 2843.36   -0.44   0.11  22.88   0.035 23.205  22.735  23.078   4.287   0.676  15.435   4.660   0.544  13.313   9.829   0.507  11.573   0.731 0 0 1
1236 32    406 2177.34   -0.92  -0.15    nan     nan    nan     nan     nan   3.053   0.926 -19.508     nan     nan     nan     nan     nan     nan     nan 1061853354526045 0 1
