# FakeX    FakeY    DiffX   DiffY   CmodMag   CmodErr  ExpMag  DevMag  KronMag  SdssR  SdssBa  SdssPa  ExpR  ExpBa  ExpPa  DevR  DevBa  DevPa  fracDev  parentID  nChild  extended
1236 66   2625  207.44    0.04  -0.09  21.71   0.023 21.895  21.261  21.907   5.368   0.822  34.078   6.239   0.793  34.801  16.634   0.762  36.163   0.339 1061999383412873 0 1
1236 66    608 1496.72    0.39  -0.40  21.15   0.023 21.365  20.521  21.285   6.602   0.874  26.982   8.432   0.852  25.471  28.675   0.842  23.568   0.332 1061999383413717 0 1
1236 66   1391 3257.93   -0.06  -0.08  20.21   0.023 20.706  20.080  20.523   5.409   0.817  -2.364   7.039   0.761  -2.359  18.437   0.724  -3.095   0.828 1061999383414927 0 1
1236 66   1391 3257.93   -1.00  -1.00   0.00   0.000  0.000   0.000   0.000   0.000   0.000   0.000   0.000   0.000   0.000   0.000   0.000   0.000   0.000 -1 -1 -1
1236 66   1391 3257.93   -1.00  -1.00   0.00   0.000  0.000   0.000   0.000   0.000   0.000   0.000   0.000   0.000   0.000   0.000   0.000   0.000   0.000 -1 -1 -1
1236 66   2151  292.23    0.35  -0.22  22.16   0.024 22.607  21.816     nan   6.457   0.772 -50.864   7.814   0.816 -49.626  24.163   0.846 -47.635   0.639 1061999383412906 0 1
1236 66   3060 3603.31    0.29  -0.11  20.68   0.023 20.970  20.246  20.915   6.193   0.869   4.694   7.803   0.831   5.279  23.660   0.781   6.539   0.466 1061999383415118 0 1
1236 66   1454  154.91    0.07  -0.01  21.37   0.023 21.963  21.353  21.646   5.361   0.762  10.503   6.511   0.692   8.956  16.519   0.653   8.670   0.980 1061999383412833 0 1
1236 66   3539  628.44   -0.28  -0.43  20.95   0.023 21.778  20.955  21.584   6.787   0.765  48.615   8.936   0.769  45.790  28.047   0.793  43.857   1.000 0 2 1
1236 66    615 4122.69    0.30   0.31  19.79   0.022 20.461  19.556  20.311   9.167   0.715  14.069  13.028   0.673  16.719  47.619   0.650  16.432   0.805 0 3 1
1236 66   4784 3036.33    0.09   0.21  21.39   0.023 21.768  21.126  21.684   5.503   0.769  14.056   6.749   0.700  13.816  18.356   0.645  13.563   0.652 0 0 1
1236 66   4784 3036.33   -1.00  -1.00   0.00   0.000  0.000   0.000   0.000   0.000   0.000   0.000   0.000   0.000   0.000   0.000   0.000   0.000   0.000 -1 -1 -1
1236 66    542 3217.10    0.02   0.05  20.94   0.023 21.589  20.926  21.371   5.344   0.786  26.335   6.930   0.717  26.474  18.843   0.678  24.251   0.982 1061999383414910 0 1
1236 66   2434 3991.25   -0.08  -0.07  21.38   0.023 21.987  21.377  21.571   3.694   0.945  68.276   4.370   0.923 -88.687  11.578   0.757 -57.190   1.000 0 2 1
1236 66    339 1608.94   -0.08  -0.08  21.45   0.023 21.607  21.290  21.537   3.532   0.925   5.405   3.556   0.858   5.533   5.902   0.808   7.416   0.514 0 0 1
1236 66   2963 3175.44    0.12   0.55    nan     nan    nan     nan     nan   3.958   0.642  24.643     nan     nan     nan     nan     nan     nan     nan 0 0 1
1236 66   3173  738.43    0.19  -0.01  20.97   0.023 21.360  20.772  21.247   5.340   0.746  25.439   6.567   0.667  24.218  16.478   0.624  23.013   0.713 0 0 1
1236 66   2437 1137.91   -0.10  -0.07  22.06   0.025 22.216  21.987  22.104   3.144   0.906  30.447   2.791   0.840  27.842   3.762   0.841  30.404   0.680 0 0 1
1236 66   1370 2882.89    0.08  -0.29  21.21   0.023 21.540  20.853  21.303   5.489   0.795  31.915   6.595   0.748  32.975  18.773   0.705  32.509   0.555 1061999383414679 0 1
1236 66   1300 1530.94   -0.00  -0.09  20.43   0.023 20.474  20.195  20.429   3.902   0.762  29.829   4.043   0.632  29.255   6.398   0.579  28.908   0.185 0 0 1
1236 66   4299 3649.48   -0.21  -0.19    nan     nan    nan     nan     nan   2.935   0.808   3.138     nan     nan     nan     nan     nan     nan     nan 1061999383415161 0 1
1236 66   4299 3649.48   -1.00  -1.00   0.00   0.000  0.000   0.000   0.000   0.000   0.000   0.000   0.000   0.000   0.000   0.000   0.000   0.000   0.000 -1 -1 -1
1236 66   1874  889.59    0.03  -0.14  22.07   0.024 22.437  21.908  22.330   4.318   0.851  59.349   4.787   0.826  56.269  10.636   0.832  49.143   0.731 0 0 1
1236 66   2147  264.28   -0.31  -0.33  21.32   0.023 21.885  21.108  21.752   6.465   0.727  30.317   8.308   0.661  30.029  26.149   0.627  29.482   0.790 0 0 1
1236 66    290  951.03    0.63   0.68  22.12   0.024 22.698  21.968  22.278   5.455   0.932 -12.438   6.187   0.967   0.155  17.839   0.966  29.420   0.838 0 0 1
1236 66   3281 2467.44    0.03  -0.03  20.57   0.023 21.105  20.536  20.895   4.686   0.864  15.573   5.968   0.800  15.263  14.302   0.766  13.166   0.948 0 2 1
1236 66   2779  722.61   -0.97  -0.68    nan     nan    nan     nan     nan  12.807   0.574  51.267     nan     nan     nan     nan     nan     nan     nan 0 0 1
1236 66   2779  722.61   -1.00  -1.00   0.00   0.000  0.000   0.000   0.000   0.000   0.000   0.000   0.000   0.000   0.000   0.000   0.000   0.000   0.000 -1 -1 -1
1236 66    192 3492.63   -0.01   0.30  23.28   0.036 23.325  23.107  23.297   3.280   0.806  41.920   3.067   0.643  38.546   4.477   0.518  36.820   0.223 0 0 1
1236 66   2724  270.76    0.13  -0.02  20.81   0.023 21.490  20.704  21.317   5.258   0.922  20.718   6.484   0.909  48.796  21.127   0.810  69.277   0.903 0 2 1
1236 66   2724  270.76   -1.00  -1.00   0.00   0.000  0.000   0.000   0.000   0.000   0.000   0.000   0.000   0.000   0.000   0.000   0.000   0.000   0.000 -1 -1 -1
1236 66   1082 1023.49   -0.01  -0.08  21.92   0.024 22.124  21.837  22.001   3.352   0.870  18.208   3.293   0.760  14.920   5.117   0.713  12.170   0.715 0 0 1
1236 66    244  682.88    0.58   0.18  24.41   0.083 24.654  24.322     nan   2.953   0.726   0.020   2.258   0.210  -7.577   4.578   0.137  35.196   0.699 0 0 1
1236 66   2746 2519.65    0.28   0.26    nan     nan    nan     nan     nan   3.189   0.830 -81.574     nan     nan     nan     nan     nan     nan     nan 0 0 1
1236 66   4031 3264.01   -0.12  -0.01  21.65   0.023 21.923  21.205  21.756   5.169   0.912  38.893   6.289   0.880  38.044  18.277   0.875  35.285   0.450 1061999383414911 0 1
1236 66   2801 1308.79   -0.01   0.05  21.94   0.024 22.333  21.866  22.173   3.819   0.937 -86.999   4.134   0.902  89.815   8.469   0.882  89.718   0.862 0 0 1
1236 66    279 4099.62    0.00  -0.09  20.11   0.023 20.337  20.059  20.173   3.243   0.885  35.700   3.209   0.787  33.633   4.750   0.770  32.557   0.837 0 0 1
1236 66     51 1551.63   -0.55  -0.62  22.29   0.024 22.709  21.937     nan   7.284   0.567  32.954   9.269   0.494  31.966  29.695   0.451  30.146   0.622 0 0 1
1236 66    655 3200.67   -1.14  -0.67    nan     nan    nan     nan     nan   0.289   1.000   0.000     nan     nan     nan     nan     nan     nan     nan 0 0 1
1236 66    910 3853.41    0.39   1.15  22.25   0.025 22.856  22.253  22.589   4.690   0.797  52.589   5.297   0.786  55.268  12.577   0.816  52.634   1.000 1061999383415304 0 1
1236 66    186 2430.54    1.54   0.11  21.81   0.024 22.091  21.799  21.897   3.056   0.934  68.716   2.794   0.874  68.273   4.247   0.858  67.147   0.974 0 0 1
1236 66    186 2430.54   -1.00  -1.00   0.00   0.000  0.000   0.000   0.000   0.000   0.000   0.000   0.000   0.000   0.000   0.000   0.000   0.000   0.000 -1 -1 -1
1236 66    186 2430.54   -1.00  -1.00   0.00   0.000  0.000   0.000   0.000   0.000   0.000   0.000   0.000   0.000   0.000   0.000   0.000   0.000   0.000 -1 -1 -1
1236 66    603  175.71    0.05   0.29  22.43   0.025 22.656  21.814  22.569   6.213   0.712  37.006   8.017   0.652  33.478  27.093   0.633  30.132   0.346 0 0 1
1236 66   4317 1661.06    0.24  -0.07  20.05   0.023 20.588  19.720  20.469   7.810   0.797   7.080  10.403   0.779   5.589  36.326   0.759   3.386   0.700 0 0 1
1236 66   2958 1574.26    0.00   0.13  20.68   0.023 20.692  20.230  20.672   4.962   0.769  35.714   5.635   0.697  34.779  12.185   0.653  34.621   0.022 0 0 1
1236 66    749 2203.52    0.44  -0.33  19.88   0.023 20.152  19.535  20.085   5.562   0.951 -51.618   6.652   0.980 -50.480  17.078   0.989  -9.719   0.487 1061999383414206 0 1
1236 66   4377 3162.93   -0.02  -0.07  20.04   0.023 20.206  19.860  20.116   3.746   0.929  40.081   3.953   0.892  38.624   6.727   0.889  38.725   0.494 1061999383414847 0 1
1236 66   4951 2237.98    0.61   0.45  22.52   0.026 23.285  22.518  23.047   5.809   0.781   7.646   6.481   0.763  27.479  19.733   0.725  31.568   1.000 0 0 1
1236 66   3322  421.26    0.99  -0.26    nan     nan    nan     nan  22.551   3.912   0.871  37.165     nan     nan     nan     nan     nan     nan     nan 0 3 1
1236 66   1519   94.84    1.39  -0.40  22.03   0.024 22.582  22.029  22.191   4.143   0.964 -72.948   4.600   0.960 -31.020  10.719   0.908 -22.952   1.000 0 0 1
1236 66   1519   94.84   -1.00  -1.00   0.00   0.000  0.000   0.000   0.000   0.000   0.000   0.000   0.000   0.000   0.000   0.000   0.000   0.000   0.000 -1 -1 -1
1236 66    806 1536.17   -0.11  -0.19  20.19   0.023 20.312  19.599  20.293   6.473   0.807  22.183   8.205   0.763  21.594  24.702   0.723  21.229   0.211 0 0 1
1236 66   2336 3253.27    0.45   0.73    nan     nan    nan     nan     nan   3.361   0.845  36.078     nan     nan     nan     nan     nan     nan     nan 0 0 1
1236 66   4368 3335.45    0.49  -0.52  22.64   0.027 23.231  22.644  22.671   4.444   0.775  13.533   5.213   0.682  16.061  12.572   0.637  16.266   1.000 0 0 1
1236 66   1905 2982.43   -0.05  -0.13  21.11   0.023 21.319  21.010  21.205   3.483   0.877  35.219   3.495   0.801  35.212   5.567   0.784  34.254   0.681 0 0 1
1236 66   2628  783.79   -0.47  -0.16  22.11   0.024 22.496  21.728  22.546   5.686   0.860  88.643   6.726   0.855  83.513  20.314   0.868  78.982   0.589 0 0 1
1236 66   1890 3083.81    0.04  -0.08  19.96   0.023 20.426  19.892  20.225   4.470   0.921   2.920   5.530   0.887   6.623  12.506   0.870   4.777   0.891 0 0 1
1236 66   2495 2531.94    0.09  -0.16  20.51   0.023 21.074  20.422  20.846   5.789   0.732  35.161   7.441   0.667  35.791  19.925   0.640  35.362   0.888 0 0 1
1236 66   1029 2342.26    0.18  -0.08  20.03   0.023 20.393  19.716  20.294   6.755   0.689  20.615   8.738   0.636  19.982  25.054   0.588  19.648   0.600 1061999383414310 0 1
