# FakeX    FakeY    DiffX   DiffY   CmodMag   CmodErr  ExpMag  DevMag  KronMag  SdssR  SdssBa  SdssPa  ExpR  ExpBa  ExpPa  DevR  DevBa  DevPa  fracDev  parentID  nChild  extended
1236 50   2817 3968.68   -0.03  -0.03  21.41   0.018 21.795  21.401  21.588   3.848   0.801  16.086   4.320   0.663  14.718   8.070   0.609  12.188   0.980 0 0 1
1236 50   1070 2665.79   -0.06  -0.33  22.59   0.023 22.902  22.591  22.613   3.099   0.850  18.183   2.828   0.698  23.716   4.481   0.665  35.514   1.000 1061930663937623 0 1
1236 50    979  742.58    0.00  -0.07  20.94   0.018 21.397  20.940  21.173   4.774   0.646  44.055   5.847   0.506  42.769  11.993   0.472  42.179   1.000 1061930663936508 0 1
1236 50   4148 1864.92   -0.14  -0.49  23.20   0.028 23.222  22.730  24.286   4.581   0.731  39.207   4.983   0.619  36.655  11.138   0.563  34.785   0.061 0 0 1
1236 50   3423 3127.69   -0.02  -0.06  20.43   0.018 20.946  20.431  20.670   4.791   0.668  25.701   6.085   0.540  26.377  13.333   0.521  25.775   1.000 0 2 1
1236 50   4402 3772.64    0.34  -0.02  22.08   0.020 22.445  22.076  22.286   4.327   0.647  44.439   5.004   0.472  44.836   9.154   0.413  45.135   1.000 0 0 1
1236 50   4203 2899.03    0.05  -0.22  21.94   0.019 22.407  21.943  22.130   4.383   0.632  22.290   5.397   0.443  19.276  11.425   0.381  17.117   1.000 0 3 1
1236 50   4203 2899.03   -1.00  -1.00   0.00   0.000  0.000   0.000   0.000   0.000   0.000   0.000   0.000   0.000   0.000   0.000   0.000   0.000   0.000 -1 -1 -1
1236 50   2809 3737.61    0.03  -0.22  22.82   0.025 22.815  22.599  22.808   3.147   0.878  50.418   2.691   0.810  49.261   3.655   0.777  45.329   0.000 0 0 1
1236 50   2323 1280.62    0.03   0.01  21.84   0.019 22.206  21.751  21.925   4.358   0.781  19.956   4.881   0.687  22.878   9.962   0.656  24.484   0.832 1061930663936833 0 1
1236 50   3762 1345.86    0.10   0.24  22.38   0.021 22.694  22.257  22.519   4.751   0.609  44.368   5.302   0.457  44.164  10.801   0.411  43.166   0.755 0 0 1
1236 50   2965 3147.24   -0.13  -0.11  21.38   0.018 21.777  21.348  21.576   4.149   0.778  -2.586   4.750   0.649  -2.046   9.489   0.587  -2.191   0.926 0 0 1
1236 50   2873  466.85    0.03  -0.11  21.47   0.019 21.812  21.423  21.597   3.580   0.858   6.420   3.746   0.765   5.590   6.821   0.736   3.861   0.900 1061930663936332 0 1
1236 50   4155 1119.32   -0.05   0.09  21.42   0.018 21.871  21.423  21.515   3.513   0.847  27.743   3.880   0.703  26.709   7.787   0.646  26.078   1.000 0 3 1
1236 50    815 1609.93   -0.01  -0.01  20.09   0.018 20.310  20.092  20.141   2.897   0.891  22.956   2.569   0.779  18.459   3.367   0.747  14.859   1.000 1061930663937014 0 1
1236 50   3176 2158.47    0.11  -0.17  21.10   0.018 21.651  21.105  21.389   4.589   0.753  18.339   5.946   0.645  15.534  13.754   0.605  12.942   1.000 0 0 1
1236 50   4970 1234.36    0.01  -0.05  21.06   0.018 21.472  21.058  21.257   3.736   0.878  26.112   4.318   0.780  30.186   8.091   0.752  29.064   1.000 1061930663936809 0 1
1236 50   2371  317.75    0.11   0.05    nan     nan    nan     nan  22.380   3.513   0.747  30.306     nan     nan     nan     nan     nan     nan     nan 1061930663936176 0 1
1236 50   3780 3240.51    0.11   0.06  22.55   0.022 22.972  22.548  22.796   4.066   0.684  51.896   4.862   0.504  49.299   9.702   0.431  47.824   1.000 0 0 1
1236 50    178 1049.42    0.43   0.30  22.59   0.023 22.773  22.455  22.545   3.259   0.849  68.842   2.961   0.744  68.031   4.675   0.767  76.072   0.600 1061930663936685 0 1
1236 50    337  988.01    0.04  -0.01  23.22   0.029 23.769  23.223  23.236   5.604   0.592  49.927   6.231   0.499  52.452  14.133   0.490  53.215   1.000 0 0 1
1236 50   1000   23.41    0.44  -0.41  23.08   0.028 23.284  23.026  23.113   2.875   0.907 -65.226   2.463   0.794 -66.814   3.392   0.846 -76.073   0.813 1061930663936015 0 1
1236 50   4293 2255.39    0.06  -0.18  23.07   0.027 23.420  22.935     nan   4.917   0.853  35.958   5.209   0.768  31.405  11.272   0.721  27.934   0.747 0 0 1
1236 50   1334  820.74   -0.11  -0.78  21.88   0.019 22.074  21.712  21.939   3.864   0.793  68.127   3.916   0.727  69.096   6.713   0.747  68.779   0.563 1061930663936558 0 1
1236 50   3293  544.71   -0.58  -1.06  23.71   0.040 23.714  23.373     nan   4.567   0.551  48.006   4.969   0.330  47.259   9.853   0.205  45.575   0.000 0 0 1
1236 50   3955 3190.15   -0.02  -0.09  21.74   0.019 22.029  21.725  21.851   3.538   0.791  45.397   3.619   0.641  44.589   5.804   0.586  43.437   0.968 0 0 1
1236 50   1792 2224.75    0.02  -0.02  20.61   0.018 20.836  20.603  20.685   3.469   0.706  27.763   3.565   0.478  26.799   5.028   0.423  26.520   0.976 1061930663937358 0 1
1236 50   3768 1526.20   -0.47  -0.17  23.63   0.040 23.634  23.344  23.711   3.406   0.792  52.666   3.140   0.679  56.508   5.050   0.622  62.167   0.000 1061930663936968 0 1
1236 50    776 1352.96   -0.02  -0.05  20.91   0.018 21.299  20.906  21.092   3.742   0.846  33.481   4.151   0.746  32.225   7.556   0.716  29.738   1.000 0 0 1
1236 50   3043 3948.70   -0.07  -0.09  22.27   0.021 22.600  22.230  22.453   3.573   0.887  13.797   3.616   0.818   7.150   6.384   0.787   4.759   0.900 1061930663938429 0 1
1236 50   4192 3491.53   -0.01  -0.14  22.90   0.026 23.077  22.794  22.977   3.609   0.747  22.962   3.569   0.581  19.795   5.728   0.492  14.893   0.637 0 0 1
1236 50   3868 1793.19   -0.08  -0.06  21.52   0.019 21.936  21.449  21.752   4.467   0.766  31.411   5.188   0.666  29.022  11.149   0.627  27.694   0.877 0 0 1
1236 50   1483  880.51    0.11   0.90  23.79   0.042 23.793  23.654     nan   4.395   0.542  61.164   4.361   0.316  60.529   6.380   0.153  57.840   0.000 0 0 1
1236 50   1483  880.51   -1.00  -1.00   0.00   0.000  0.000   0.000   0.000   0.000   0.000   0.000   0.000   0.000   0.000   0.000   0.000   0.000   0.000 -1 -1 -1
1236 50   4054  346.54   -0.08  -0.13  21.04   0.018 21.377  21.034  21.188   3.468   0.867  45.315   3.572   0.782  45.617   5.873   0.785  43.671   0.981 1061930663936248 0 1
1236 50    638 1624.60   -0.74  -0.24  23.53   0.038 23.809  23.526  23.596   3.001   0.895 -19.460   2.778   0.767 -17.807   4.218   0.706 -19.233   1.000 0 0 1
1236 50   1945 3008.05    0.18  -0.25  21.31   0.018 21.764  21.296  21.568   4.708   0.694  13.592   5.719   0.575  12.868  11.969   0.536  11.546   0.967 0 0 1
1236 50   4563  714.26   -0.30  -0.25  22.26   0.020 22.721  22.253  22.259   3.274   0.917  39.131   3.205   0.857  37.871   6.582   0.824  50.800   0.990 1061930663936505 0 1
1236 50   2013  600.96    0.42   0.24  23.69   0.042 23.689  23.563  23.714   3.215   0.830  -1.028   2.851   0.659  -4.783   3.458   0.561  -7.325   0.000 1061930663936423 0 1
1236 50   1816 1535.21    0.05   0.17  22.80   0.026 22.957  22.802  22.740   2.593   0.851  39.262   1.923   0.643  34.622   2.208   0.621  32.343   1.000 1061930663936976 0 1
1236 50   1982 1303.84    0.20  -0.38  22.30   0.021 22.674  22.305  22.360   3.154   0.857  37.824   3.055   0.729  35.995   5.107   0.758  41.325   1.000 1061930663936841 0 1
1236 50   1395 3137.89    0.06  -0.03  20.18   0.018 20.552  20.177  20.350   3.589   0.869  18.812   3.924   0.788  18.532   6.873   0.764  16.159   1.000 0 0 1
1236 50   3572 2865.65   -0.04  -0.12  20.56   0.018 20.869  20.560  20.687   3.824   0.676  43.314   4.191   0.478  43.162   6.808   0.427  43.093   0.996 0 2 1
1236 50    286 1951.78    0.20  -0.20  22.59   0.023 23.057  22.595  22.704   3.500   0.907 -77.690   3.650   0.882 -63.780   7.472   0.818 -47.660   1.000 0 0 1
1236 50   3846  153.97   -0.04  -0.11  20.40   0.018 20.842  20.402  20.598   4.780   0.621  14.509   6.083   0.466  15.769  12.224   0.421  16.494   1.000 1061930663936106 0 1
1236 50   2772 2854.89    0.03   0.04  21.50   0.019 21.923  21.415  21.734   4.510   0.774   9.854   5.379   0.672   9.998  12.161   0.606   8.165   0.858 0 0 1
1236 50   2772 2854.89   -1.00  -1.00   0.00   0.000  0.000   0.000   0.000   0.000   0.000   0.000   0.000   0.000   0.000   0.000   0.000   0.000   0.000 -1 -1 -1
1236 50   3723 3175.73    0.10  -0.04  21.23   0.018 21.524  21.173  21.356   3.425   0.918  56.683   3.449   0.869  52.352   5.792   0.869  51.370   0.860 0 0 1
1236 50   3277 3190.33   -0.09  -0.24  21.90   0.019 22.347  21.803  22.185   4.867   0.725  34.930   5.706   0.629  34.619  13.354   0.587  33.881   0.849 0 0 1
1236 50   3022 3833.92    0.05   0.03  20.71   0.018 20.906  20.699  20.761   3.040   0.845  18.543   2.744   0.683  14.943   3.555   0.650  11.639   0.948 1061930663938359 0 1
1236 50   2855 3498.45    0.01  -0.07  20.84   0.018 21.153  20.822  20.976   3.602   0.802  14.388   3.835   0.667  13.449   6.348   0.631  11.656   0.940 1061930663938159 0 1
1236 50   1298 3311.90   -0.58   0.16  20.70   0.018 21.198  20.651  21.003   4.356   0.948  21.269   5.339   0.910  20.351  12.274   0.893  14.367   0.928 1061930663938086 0 1
1236 50   1009 2594.64    0.00   0.06  22.74   0.024 22.972  22.692  22.917   3.832   0.737  40.945   3.781   0.590  43.277   5.810   0.551  42.992   0.823 1061930663937583 0 1
1236 50   4886 1190.96   -0.04  -0.04  20.77   0.018 20.998  20.768  20.837   3.072   0.831  35.433   2.836   0.678  33.442   3.898   0.625  31.717   1.000 0 0 1
1236 50   2402 3889.18   -0.04   0.25  22.85   0.025 23.264  22.801  22.953   3.508   0.923 -54.486   3.605   0.859 -51.934   7.120   0.887 -38.152   0.911 1061930663938398 0 1
1236 50   4942 4071.28   -0.10   0.02  20.72   0.018 21.089  20.723  20.877   3.678   0.842  32.012   3.960   0.744  31.527   6.820   0.733  30.890   1.000 0 0 1
1236 50   2482  965.39   -0.17  -0.11  24.14   0.055 24.243  24.263  24.282   4.346   0.453  -0.524   5.247   0.135   2.511   5.579   0.135   2.552   0.000 0 0 1
1236 50   3101 1266.85    0.34  -0.64    nan     nan    nan     nan     nan   8.173   0.249  12.434     nan     nan     nan     nan     nan     nan     nan 0 0 1
1236 50    112 2843.36    0.05  -0.12  21.00   0.018 21.416  20.989  21.227   4.573   0.676  39.756   5.635   0.522  39.797  11.271   0.466  39.223   0.976 0 0 1
1236 50    406 2177.34   -0.41   0.22  23.67   0.044 23.796  23.665  23.683   2.587   0.903 -21.915   2.000   0.696 -24.140   2.385   0.516 -27.758   1.000 0 0 1
