# Visit  CCD  FakeID  FakeX  FakeY   DiffX   DiffY   CmodMag   CmodErr  ExpMag  DevMag  KronMag  SdssR  SdssBa  SdssPa  ExpR  ExpBa  ExpPa  DevR  DevBa  DevPa  fracDev  SdssMiter ExpMiter DevMiter parentID  nChild  extended
1236 27 116685  281.34 2190.02   0.21  -0.10  22.230  0.028  22.525  22.119     nan   6.856   0.483  57.769   7.163   0.431  57.358  13.873   0.409  56.898   0.748 0 0 0 0 2 1 
1236 27  29377  609.49 3755.03  -1.32  -0.13  21.169  0.026  21.184  20.465  21.126   6.967   0.707 -84.164   8.567   0.683 -83.491  25.865   0.655 -83.091   0.029 0 0 0 1061831879690324 0 1 
1236 27 130459 1843.14  418.08   0.03  -0.03  22.016  0.028  22.036  21.831  22.011   3.172   0.956  23.351   2.677   0.974  13.030   3.493   0.975 -63.162   0.099 0 0 0 0 0 1 
1236 27 167926 1603.79  938.76  -0.89   1.04  23.214  0.037  23.214  22.867  23.247   4.287   0.734 -10.223   4.295   0.609 -15.004   7.888   0.545 -18.153   0.000 0 0 0 1061831879688664 0 1 
1236 27  28880 1521.32 1254.48  -0.10  -0.72  20.145  0.026  20.144  19.327  20.160   7.094   0.885 -89.919   8.794   0.879 -86.542  29.605   0.862 -82.591   0.000 0 0 0 0 0 1 
1236 27  58088 2004.15 2751.57  -0.15  -0.57  22.595  0.031  22.673  22.418  22.609   3.206   0.942  17.173   2.885   0.885 -10.815   4.291   0.815 -20.177   0.321 0 0 0 0 0 1 
1236 27  71791   57.19  161.76  -0.12  -0.21  23.029  0.034  23.029  22.727  23.040   3.776   0.885  17.312   3.551   0.820   9.814   6.042   0.741  14.569   0.000 0 0 0 0 0 1 
1236 27 189496 1694.76 1725.94  -0.16  -0.23  21.716  0.027  21.866  21.285  21.815   4.769   0.957 -24.481   5.406   0.932 -35.048  13.429   0.899 -36.930   0.302 0 0 0 1061831879689150 0 1 
1236 27  64119 1397.62 3258.72  -0.25  -0.13  21.006  0.026  21.118  20.902  21.030   3.131   0.939   5.537   2.853   0.837 -16.546   3.970   0.742 -17.600   0.527 0 0 0 0 0 1 
1236 27  54528  653.42  608.02  -0.10  -0.18  21.926  0.027  22.010  21.637  21.948   3.683   0.942  16.740   3.619   0.914   3.727   6.610   0.877  -1.700   0.247 0 0 0 1061831879688513 0 1 
1236 27 163164 1408.40 1217.83   0.05  -0.12  20.444  0.026  20.475  20.001  20.440   4.490   0.975 -10.836   4.960   0.956 -22.022  10.677   0.936 -26.208   0.076 0 0 0 0 0 1 
1236 27 163144 1942.03 1722.83   0.10  -0.26  21.948  0.028  21.948  21.759  21.916   3.188   0.913  88.663   2.774   0.826 -80.591   3.589   0.790 -81.520   0.000 0 0 0 0 0 1 
1236 27 111723  865.24 2797.12   0.00  -0.32  22.274  0.028  22.273  21.808  22.229   4.213   0.961 -71.937   4.555   0.875 -62.864  10.001   0.783 -61.423   0.000 0 0 0 0 0 1 
1236 27 188934  217.78 2472.23  -1.00  -1.00  -1.000 -1.000  -1.000  -1.000  -1.000  -1.000  -1.000  -1.000  -1.000  -1.000  -1.000  -1.000  -1.000  -1.000  -1.000 -1 -1 -1 -1 -1 -1 
1236 27 160920 1782.05 2792.46   0.02  -0.48     nan    nan     nan     nan     nan   3.177   0.968  53.374     nan     nan     nan     nan     nan     nan     nan 0 0 0 1061831879689788 0 1 
1236 27 111939  361.18  265.41   0.16  -0.16  22.621  0.030  22.621  22.153  22.636   4.238   0.894  62.580   4.411   0.841  70.185   9.572   0.778  73.874   0.000 0 0 0 0 0 1 
1236 27 160119   98.84 1149.29  -0.24   0.11  22.629  0.029  22.629  22.065  22.601   4.574   0.895 -65.918   5.077   0.815 -67.970  12.731   0.729 -70.837   0.000 0 0 0 0 0 1 
1236 27 134117  227.57  323.79   0.93  -0.60  23.030  0.033  23.030  22.532     nan   5.824   0.732 -15.012   6.225   0.671 -15.695  13.974   0.655 -12.646   0.000 0 0 0 1061831879688355 0 1 
1236 27  10982  191.10 3450.08  -1.00  -1.00  -1.000 -1.000  -1.000  -1.000  -1.000  -1.000  -1.000  -1.000  -1.000  -1.000  -1.000  -1.000  -1.000  -1.000  -1.000 -1 -1 -1 -1 -1 -1 
1236 27 180277 1815.08 3448.19  -1.00  -1.00  -1.000 -1.000  -1.000  -1.000  -1.000  -1.000  -1.000  -1.000  -1.000  -1.000  -1.000  -1.000  -1.000  -1.000  -1.000 -1 -1 -1 -1 -1 -1 
1236 27 159581 1778.54 3596.49  -0.17   0.11  22.207  0.028  22.207  21.838  22.241   3.867   0.894  81.406   3.745   0.885 -81.680   6.746   0.881 -65.365   0.000 0 0 0 0 0 1 
1236 27 201000 1409.30 2162.54  -0.12   0.05  21.663  0.027  21.988  21.303  21.905   5.323   0.869 -37.342   6.347   0.817 -39.768  17.976   0.773 -40.495   0.544 0 0 0 0 0 1 
1236 27  96693  649.23  404.14  -0.19  -0.18  22.144  0.028  22.180  21.863  22.120   3.767   0.918  -0.407   3.735   0.841 -12.747   6.355   0.774 -18.917   0.123 0 0 0 0 0 1 
1236 27   7654 1962.83 3339.10  -0.22   0.01  23.045  0.036  23.046  22.823  23.120   3.264   0.958 -21.667   2.912   0.864 -37.206   4.029   0.831 -38.105   0.005 0 0 0 0 0 1 
1236 27 113106 1626.79 2980.32  -0.84   0.16  20.799  0.026  20.799  20.047  20.813   6.301   0.863 -30.637   7.676   0.828 -32.219  24.258   0.785 -33.551   0.000 0 0 0 0 0 1 
1236 27  17934  417.89 3238.36   1.51  -0.53     nan    nan     nan     nan     nan   2.973   0.979 -77.491     nan     nan     nan     nan     nan     nan     nan 0 0 0 0 0 1 
1236 27  98881  857.61 1910.59   0.30   0.14  22.880  0.032  22.931  22.471  22.842   3.849   0.934  -0.376   3.984   0.862 -22.467   8.670   0.750 -28.275   0.131 0 0 0 0 0 1 
1236 27  48270 1365.46 3798.82   0.59   0.27  23.011  0.034  23.059  22.582  22.992   4.287   0.778  11.002   4.460   0.695   9.327   9.402   0.683  10.438   0.119 0 0 0 0 0 1 
1236 27 107637 1782.00  969.57  -0.14   0.26  21.712  0.027  22.376  21.709  22.159   4.723   0.926  11.535   5.715   0.961 -62.215  15.252   0.948 -51.251   0.995 0 0 0 1061831879688713 0 1 
1236 27 152619  430.63 1853.73   0.46  -0.13  22.233  0.027  22.597  21.797  22.405   6.085   0.847  71.979   7.521   0.814  81.487  24.101   0.795  88.204   0.541 0 0 0 0 0 1 
1236 27  84182 1395.05 2188.98  -0.06  -0.10  21.086  0.026  21.216  20.362  21.190   8.398   0.750 -61.072  10.337   0.752 -58.261  35.710   0.748 -56.101   0.202 0 0 0 0 2 1 
1236 27   5679  861.40 1315.57   0.03  -0.04  22.239  0.028  22.393  21.781  22.338   4.533   0.951  45.469   5.009   0.948  23.010  12.854   0.912   8.103   0.301 0 0 0 0 0 1 
1236 27  92777 1101.37 3519.15  -0.26   0.26  22.973  0.034  23.024  22.534  22.958   4.070   0.909  89.202   4.160   0.897 -84.159   8.845   0.899 -79.058   0.124 0 0 0 0 0 1 
1236 27 106678  816.42 3888.02  -0.04  -0.15  22.376  0.029  22.376  22.157  22.373   3.227   0.959  47.307   2.763   0.973 -19.059   3.850   0.919 -32.318   0.000 0 0 0 0 0 1 
1236 27 102060  713.70 2789.23  -0.05  -0.13  21.395  0.026  21.410  21.157  21.372   3.296   0.980  34.820   2.965   0.973 -33.727   4.360   0.940 -39.879   0.063 0 0 0 0 0 1 
1236 27 153297  394.14 1624.12   0.06   0.06  21.495  0.026  21.547  20.935  21.498   5.287   0.914 -56.176   6.218   0.872 -52.798  16.058   0.861 -44.906   0.107 0 0 0 1061831879689106 0 1 
1236 27 197121  314.89  996.49  -0.54  -0.21  22.110  0.027  22.283  21.513  22.229   5.871   0.901  60.769   7.009   0.873  60.694  21.710   0.860  60.602   0.285 0 0 0 0 0 1 
1236 27 177915 1465.47 3875.69  -0.07  -1.23  22.511  0.029  22.511  21.867  22.512   5.699   0.822  73.159   6.195   0.843  74.088  16.171   0.880  75.865   0.000 0 0 0 0 0 1 
1236 27  10899  857.05 4142.86  -0.05   0.14  22.222  0.028  22.221  21.890  22.173   3.520   0.945   4.974   3.365   0.884 -10.347   5.670   0.868 -14.569   0.000 0 0 0 0 0 1 
1236 27  46567  583.07 1864.82  -0.02   0.46  22.158  0.027  22.158  21.458  22.149   5.436   0.899  -5.139   6.326   0.854  -7.589  18.566   0.809  -6.332   0.000 0 0 0 0 0 1 
1236 27 130792   75.44 2229.77  -0.01  -0.06  20.500  0.026  20.499  20.018  20.483   4.640   0.958  40.078   5.089   0.960  34.012  10.993   0.963  26.961   0.000 0 0 0 0 0 1 
1236 27  74749  205.73 1659.96  -1.00  -1.00  -1.000 -1.000  -1.000  -1.000  -1.000  -1.000  -1.000  -1.000  -1.000  -1.000  -1.000  -1.000  -1.000  -1.000  -1.000 -1 -1 -1 -1 -1 -1 
1236 27  51500 1090.03  837.17  -0.06   0.02  21.540  0.027  21.540  21.155  21.513   4.118   0.942  20.536   4.173   0.933  12.446   7.714   0.938   3.302   0.000 0 0 0 0 0 1 
1236 27  85027  302.12 3902.85   0.02  -0.10  20.918  0.026  20.951  20.439  20.937   4.551   0.957  18.409   5.075   0.950  -2.256  11.527   0.927 -10.728   0.077 0 0 0 0 0 1 
1236 27 170877  597.78  514.47  -0.21  -0.16  22.725  0.030  22.771  22.136     nan   4.792   0.838   4.743   5.425   0.769   4.160  14.541   0.717   4.511   0.092 0 0 0 0 0 1 
1236 27  18797 1525.29 2600.24   0.43   0.64     nan    nan     nan     nan     nan   3.149   0.961 -62.056     nan     nan     nan     nan     nan     nan     nan 0 0 0 0 0 1 
1236 27  73663   20.73  550.17   0.27  -0.17  22.390  0.029  22.389  22.087     nan   3.552   0.955 -45.871   3.364   0.884 -43.709   5.467   0.854 -47.015   0.000 0 0 0 0 0 1 
1236 27 118059  626.98 4150.53   1.02  -0.53  22.542  0.029  22.796  22.088     nan   5.717   0.856  39.057   6.770   0.842  29.951  19.439   0.837  20.992   0.427 0 0 0 1061831879690572 0 1 
1236 27 149304  918.97 1960.33  -1.00  -1.00  -1.000 -1.000  -1.000  -1.000  -1.000  -1.000  -1.000  -1.000  -1.000  -1.000  -1.000  -1.000  -1.000  -1.000  -1.000 -1 -1 -1 -1 -1 -1 
1236 27  77662 1141.23 1801.01   0.01   0.11  23.105  0.036  23.105  22.890  23.107   3.504   0.825 -32.116   3.273   0.674 -34.577   4.556   0.645 -33.464   0.000 0 0 0 1061831879689208 0 1 
