# Visit  CCD  FakeID  FakeX  FakeY   DiffX   DiffY   CmodMag   CmodErr  ExpMag  DevMag  KronMag  SdssR  SdssBa  SdssPa  ExpR  ExpBa  ExpPa  DevR  DevBa  DevPa  fracDev  SdssMiter ExpMiter DevMiter parentID  nChild  extended
1236 73 149638 1732.91 2899.03  -0.02  -0.08  21.829  0.019  22.138  21.830  21.878   2.868   0.955  14.322   2.705   0.861  21.856   4.274   0.801  26.831   1.000 0 0 0 1062029448185532 0 1 
1236 73 143032 1540.17 3008.05   0.02  -0.00  19.917  0.017  20.091  19.918  19.953   2.658   0.973  45.496   2.087   0.976  27.709   2.424   0.975  11.846   1.000 0 0 0 0 0 1 
1236 73  57165  933.55 1861.70   0.01  -0.08  19.481  0.017  19.819  19.482  19.632   3.278   0.969  55.710   3.388   0.968  54.739   5.388   0.988  34.002   1.000 0 0 0 0 0 1 
1236 73 105659 1429.50 1951.78  -0.02  -0.11  22.321  0.021  22.460  22.317  22.353   2.705   0.914  42.644   2.071   0.818  32.308   2.355   0.753  24.078   0.971 0 0 0 1062029448184948 0 1 
1236 73 199305 1782.68 4071.28  -0.06  -0.00  21.055  0.018  21.293  21.054  21.119   2.871   0.974  32.234   2.439   0.959  20.998   3.299   0.963   2.431   0.992 0 0 0 1062029448186193 0 1 
1236 73  87173 1495.16 2466.12   0.00  -0.11  22.582  0.022  22.774  22.513  22.632   2.977   0.977 -14.799   2.601   0.922 -24.763   3.889   0.838 -19.577   0.747 0 0 0 0 0 1 
1236 73  69403 1172.17 2594.64   0.04  -0.10     nan    nan     nan     nan  19.888   2.758   0.976  63.282     nan     nan     nan     nan     nan     nan     nan 0 0 0 1062029448185382 0 1 
1236 73 191609 1479.60 1345.86  -0.04  -0.16  22.172  0.020  22.329  22.100  22.192   2.929   0.952  42.839   2.450   0.946  34.281   3.283   0.949  15.580   0.695 0 0 0 0 0 1 
1236 73  21270  597.72 3147.24  -0.01  -0.05  21.029  0.018  21.401  21.026  21.206   3.395   0.972  38.641   3.466   0.961  42.788   6.016   0.965  50.030   0.992 0 0 0 0 0 1 
1236 73  89077  430.70 3175.73   1.53  -1.16     nan    nan     nan     nan     nan   3.232   0.848  -5.536     nan     nan     nan     nan     nan     nan     nan 0 0 0 0 0 1 
1236 73 102416  288.76 2177.34  -0.04  -0.02  21.879  0.019  22.269  21.880  22.020   3.120   0.932  35.663   3.034   0.858  36.560   5.544   0.790  29.081   1.000 0 0 0 0 2 1 
1236 73 114902  377.44 2158.47   0.02  -0.15  22.632  0.023  23.083  22.632  22.828   3.644   0.821  53.190   3.878   0.746  43.870   7.574   0.749  37.786   1.000 0 0 0 0 0 1 
1236 73  80086 1724.68 3311.90   0.07  -0.02  21.136  0.018  21.434  21.119  21.268   3.207   0.949  65.412   3.037   0.933  65.702   4.694   0.961  65.483   0.951 0 0 0 0 0 1 
1236 73 140645 1185.81 1234.36  -0.11   0.08  22.224  0.020  22.454  22.224  22.224   2.745   0.944  50.693   2.166   0.912  41.499   3.016   0.827  37.957   1.000 0 0 0 0 2 1 
1236 73  37088  161.59  317.75  -0.05   0.01  22.369  0.021  22.601  22.355  22.390   2.903   0.931  -7.890   2.520   0.817 -17.337   3.627   0.744 -20.860   0.944 0 0 0 0 0 1 
1236 73  42963  656.85 1266.85   0.08  -0.13  21.931  0.019  22.361  21.851  22.041   4.302   0.873  61.633   4.842   0.831  64.475  10.529   0.822  67.718   0.866 0 0 0 1062029448184532 0 1 
1236 73 116061 1098.15  346.54  -0.04  -0.07  23.355  0.035  23.355  23.213  23.378   2.877   0.859 -18.776   2.340   0.651 -22.922   2.783   0.570 -20.541   0.000 0 0 0 0 0 1 
1236 73 116686  571.39 3240.51   0.00  -0.08  22.819  0.025  23.183  22.779  22.769   3.617   0.749 -18.886   3.622   0.616 -12.779   6.496   0.651  -4.344   0.913 0 0 0 1062029448185735 0 1 
1236 73 198312  423.33 2255.39  -0.29  -0.10  22.341  0.021  22.652  22.341  22.438   3.031   0.965 -76.388   2.808   0.926 -68.544   4.335   0.933 -86.732   1.000 0 0 0 0 0 1 
1236 73  69068 1178.36 3889.18   0.11  -0.14  22.219  0.020  22.623  22.196  22.387   3.501   0.894  -1.845   3.573   0.855  -0.767   6.725   0.867  -1.737   0.954 0 0 0 0 0 1 
1236 73  94246 1786.95  714.26   0.04  -0.06  20.321  0.018  20.641  20.321  20.402   3.023   0.973  59.736   2.780   0.975  56.773   4.370   0.964  40.658   1.000 0 0 0 0 4 1 
1236 73 137268  685.42  466.85  -0.45  -0.43  21.635  0.018  22.494  21.636  22.286  10.162   0.796  37.408  11.335   0.859  34.115  36.740   0.924  50.944   0.999 0 0 0 0 3 1 
1236 73  59148  802.11  153.97  -0.05  -0.03  20.853  0.018  21.390  20.845  21.164   4.250   0.980  13.955   5.015   0.995 -75.404  11.515   0.965 -55.224   0.986 0 0 0 0 0 1 
1236 73  11291  973.37 3190.15  -0.03   0.03  21.032  0.018  21.195  21.022  21.071   2.671   0.968  51.977   2.042   0.967  51.294   2.433   0.936  64.111   0.938 0 0 0 1062029448185707 0 1 
1236 73  95355  589.26 1526.20   0.04  -0.01  19.770  0.017  20.385  19.770  20.105   4.503   0.987  73.398   5.695   0.985 -38.851  14.271   0.957 -31.166   1.000 0 0 0 0 3 1 
1236 73 113200 1535.82 1624.60   0.03   0.14  21.724  0.018  22.066  21.696  21.885   3.531   0.907  45.908   3.613   0.857  42.905   6.242   0.861  36.343   0.932 0 0 0 0 0 1 
1236 73 142593 1649.02 1793.19  -0.18  -0.11  22.909  0.026  23.105  22.910  22.955   3.134   0.802  73.911   2.709   0.654  73.829   3.445   0.622  66.467   1.000 0 0 0 0 0 1 
1236 73   8751 1416.27 3833.92   0.06  -0.18  19.449  0.017  19.696  19.450  19.532   2.971   0.953 -85.256   2.784   0.912 -76.675   3.779   0.904 -71.854   1.000 0 0 0 1062029448186075 0 1 
1236 73 198647 1506.96 1190.96  -0.00  -0.23  21.637  0.018  21.967  21.621  21.778   3.294   0.924 -81.119   3.271   0.861 -74.854   5.555   0.821 -73.436   0.956 0 0 0 1062029448184499 0 1 
1236 73  78615 1486.99  880.51   0.10  -0.01  21.973  0.019  22.159  21.972  22.013   2.879   0.871  36.356   2.359   0.755  34.758   2.894   0.739  38.529   0.990 0 0 0 0 0 1 
1236 73  52697  175.47 2901.70  -0.06  -0.02  21.175  0.018  21.425  21.114  21.274   3.178   0.982 -16.425   3.019   0.957 -29.044   4.727   0.960 -41.485   0.816 0 0 0 1062029448185535 0 1 
1236 73 144577 2007.96  988.01  -1.00  -1.00  -1.000 -1.000  -1.000  -1.000  -1.000  -1.000  -1.000  -1.000  -1.000  -1.000  -1.000  -1.000  -1.000  -1.000  -1.000 -1 -1 -1 -1 -1 -1 
1236 73  32537  609.76 2865.65  -0.08  -0.07  21.902  0.019  22.143  21.900  21.970   2.888   0.961 -24.586   2.503   0.891 -20.991   3.478   0.863 -13.965   0.988 0 0 0 1062029448185506 0 1 
1236 73 198004  404.96 3737.61   0.03  -0.06  20.575  0.018  20.966  20.570  20.754   3.427   0.976  75.845   3.625   0.945  69.567   6.524   0.943  64.210   0.987 0 0 0 0 0 1 
1236 73  73752  403.61 1119.32   0.00  -0.02  19.649  0.017  19.922  19.649  19.740   2.987   0.962  53.282   2.748   0.968  54.079   3.880   0.987  50.147   1.000 0 0 0 0 0 1 
1236 73  59381 1126.39 1352.96  -0.07  -0.10  21.920  0.019  22.119  21.900  21.983   2.851   0.961  66.644   2.314   0.966  80.535   2.991   0.985 -39.004   0.911 0 0 0 0 0 1 
1236 73  22621 1892.52  544.71   0.07   0.09  23.402  0.035  23.554  23.373     nan   2.904   0.914   0.909   2.352   0.806 -11.224   2.918   0.756 -34.071   0.841 0 0 0 1062029448184125 0 1 
1236 73 164870  774.36 3190.33   0.14  -0.48  23.571  0.037  23.663  23.252  23.537   4.267   0.612 -86.515   4.345   0.455 -85.324   8.200   0.459 -84.442   0.253 0 0 0 0 0 1 
1236 73 183536  465.45  600.96   0.16  -0.47  22.542  0.022  22.804  22.528  22.644   2.846   0.950  63.209   2.298   0.958  53.461   3.543   0.856   6.800   0.950 0 0 0 0 0 1 
1236 73  77969  851.70  965.39   0.07  -0.08  21.587  0.018  21.873  21.588  21.676   2.967   0.958  59.051   2.571   0.962  36.067   3.900   0.911   8.021   1.000 0 0 0 1062029448184380 0 1 
1236 73 185519  860.21 1535.21  -0.08   0.14  22.538  0.022  22.796  22.538  22.526   2.855   0.924 -66.624   2.503   0.808 -69.091   3.478   0.821 -79.780   1.000 0 0 0 0 0 1 
1236 73  81656  741.69 3491.53  -0.00  -0.12  20.637  0.018  21.281  20.584  20.980   5.222   0.974 -43.759   6.715   0.942 -38.983  18.782   0.924 -38.900   0.940 0 0 0 0 0 1 
1236 73  80842 1624.04 1609.93  -0.01  -0.08  20.359  0.017  20.699  20.359  20.489   3.213   0.981  66.513   3.146   0.981  80.433   5.132   0.975 -54.059   1.000 0 0 0 0 0 1 
1236 73  28414  790.07 3948.70   0.42   0.16  22.855  0.025  23.169  22.826  22.986   3.352   0.887 -23.463   3.172   0.856 -22.568   5.153   0.892 -20.424   0.921 0 0 0 0 0 1 
1236 73 170595  136.61 1280.62  -0.12   0.08  22.806  0.025  22.951  22.669  22.874   3.352   0.950 -64.656   3.131   0.906 -53.550   4.865   0.851 -54.453   0.531 0 0 0 0 0 1 
1236 73  36794 1903.56   23.41   0.44  -0.41  21.498  0.018  21.802  21.455  21.588   3.456   0.946  82.713   3.396   0.906  87.116   5.741   0.880 -85.953   0.886 0 0 0 0 0 1 
1236 73   1179  122.71 3498.45  -0.02   0.00  20.700  0.018  20.950  20.683  20.777   2.942   0.982  29.548   2.602   0.980   4.498   3.706   0.988 -38.793   0.939 0 0 0 0 2 1 
1236 73  15199  931.44  820.74  -0.01  -0.15  20.608  0.017  20.986  20.608  20.751   3.304   0.967  27.786   3.398   0.944  12.415   5.963   0.916   0.434   1.000 0 0 0 0 0 1 
1236 73  30789  361.28 3137.89   0.02   0.32  22.939  0.027  23.091  22.905  22.922   2.904   0.906  38.504   2.392   0.816  29.556   2.991   0.777  20.093   0.816 0 0 0 0 0 1 
1236 73  97729 1454.87 1049.42  -0.05  -0.08  21.949  0.019  22.151  21.946  21.980   2.742   0.967  62.213   2.120   0.986  61.487   2.693   0.975 -64.658   0.986 0 0 0 0 0 1 
