# Visit  CCD  FakeID  FakeX  FakeY   DiffX   DiffY   CmodMag   CmodErr  ExpMag  DevMag  KronMag  SdssR  SdssBa  SdssPa  ExpR  ExpBa  ExpPa  DevR  DevBa  DevPa  fracDev  SdssMiter ExpMiter DevMiter parentID  nChild  extended
1236 66 167314  728.48  392.40   0.05   0.02  21.639  0.024  22.003  21.574  21.784   3.645   0.973  43.081   3.865   0.946  40.543   7.460   0.928  47.930   0.865 0 0 0 0 0 1 
1236 66 154491  106.60  262.61  -0.44   0.36  22.366  0.025  22.898  22.312  22.634   4.246   0.896 -29.926   5.164   0.776 -18.310  12.895   0.707 -17.915   0.925 0 0 0 1061999383412885 0 1 
1236 66 197250  703.90 3231.22   0.10  -0.17  20.357  0.023  20.932  20.307  20.704   5.143   0.945 -41.614   6.614   0.925 -42.252  17.026   0.900 -35.605   0.934 0 0 0 1061999383414902 0 1 
1236 66  79959  647.00 1265.50  -0.07   0.13  22.613  0.028  22.765  22.601  22.623   2.810   0.881  19.280   2.264   0.748  17.768   2.699   0.702  23.356   0.925 0 0 0 1061999383413541 0 1 
1236 66 101583 1517.05  160.53  -0.08  -0.07  22.238  0.025  22.453  22.208  22.317   2.960   0.945 -60.398   2.559   0.876 -54.057   3.597   0.846 -53.806   0.883 0 0 0 1061999383412837 0 1 
1236 66   4905 1833.86 1859.99   0.00   0.05  21.611  0.023  21.827  21.598  21.664   2.924   0.951 -31.937   2.578   0.871 -31.349   3.501   0.836 -35.078   0.945 0 0 0 1061999383413974 0 1 
1236 66   5885 1604.04 3595.60   0.00  -0.17  22.079  0.024  22.569  22.080  22.131   4.128   0.714   8.175   4.693   0.626   7.354   9.240   0.675   5.296   1.000 0 0 0 0 0 1 
1236 66 105132 1085.95 1531.70   0.08  -0.31  22.371  0.025  22.864  22.372  22.657   4.514   0.723 -22.977   5.256   0.578 -24.220  11.348   0.535 -22.863   1.000 0 0 0 1061999383413727 0 1 
1236 66 127741 1386.82 2443.81   0.06  -0.28  22.883  0.029  23.286  22.796  23.188   4.836   0.745 -68.786   5.261   0.652 -66.989  11.509   0.597 -65.227   0.847 0 0 0 0 0 1 
1236 66  50854 1094.41 3113.77  -0.01  -0.00  21.194  0.023  21.585  21.152  21.407   3.875   0.950 -29.325   4.238   0.943 -31.004   8.194   0.935 -34.199   0.913 0 0 0 1061999383414822 0 1 
1236 66 176105  277.20 1058.59   0.54  -0.37  22.470  0.026  22.609  22.382  22.570   3.212   0.843 -38.464   2.861   0.731 -38.927   3.830   0.739 -38.450   0.623 0 0 0 0 0 1 
1236 66  77195 1327.55  731.47   0.01  -0.05  20.334  0.023  20.603  20.334  20.426   2.941   0.974  38.021   2.663   0.964  26.089   3.781   0.970  16.517   1.000 0 0 0 0 0 1 
1236 66   4323 1752.69 3797.75   0.06  -0.12  21.083  0.023  21.685  21.084  21.351   3.743   0.970 -44.701   4.214   0.930 -23.577  10.937   0.797   7.179   1.000 0 0 0 0 3 1 
1236 66  74751  291.62 2974.07   0.13   0.02  21.940  0.024  22.147  21.927  22.007   2.984   0.930 -64.904   2.585   0.867 -60.879   3.391   0.864 -58.531   0.942 0 0 0 0 0 1 
1236 66 148500  576.41 1020.70  -0.03   0.01  21.254  0.023  21.413  21.240  21.273   2.609   0.992  46.657   1.980   0.982 -35.232   2.361   0.954 -51.900   0.918 0 0 0 0 0 1 
1236 66 154495 1346.13 2462.32   0.11  -0.01  22.281  0.025  22.553  22.227  22.394   3.245   0.899 -24.734   3.061   0.877 -17.149   4.788   0.929 -14.325   0.846 0 0 0 0 0 1 
1236 66 102259 1084.63 2571.32   0.01   0.01  22.035  0.024  22.184  21.961  22.058   2.851   0.979  67.539   2.374   0.965  87.522   3.212   0.928 -86.053   0.676 0 0 0 0 0 1 
1236 66  72547  555.88 1241.46   0.01  -0.03  20.256  0.023  20.506  20.257  20.331   2.878   0.981  84.156   2.551   0.967 -80.887   3.509   0.960 -68.563   1.000 0 0 0 0 0 1 
1236 66  60933 1346.90 3331.30  -0.04  -0.01  20.712  0.023  20.973  20.713  20.802   2.937   0.962 -58.339   2.689   0.914 -55.584   3.828   0.894 -52.217   1.000 0 0 0 0 0 1 
1236 66 111990 1784.47  234.66   0.11  -0.10  22.308  0.025  22.738  22.308  22.522   3.732   0.884 -42.321   4.382   0.774 -48.341   8.334   0.751 -46.272   1.000 0 0 0 0 2 1 
1236 66  71249  354.54  771.87   0.43   0.09  22.611  0.027  22.936  22.611  22.725   3.529   0.749  29.145   3.607   0.601  27.935   5.806   0.589  31.814   1.000 0 0 0 0 0 1 
1236 66  89282  869.52 3631.34  -0.01  -0.16  22.690  0.028  22.886  22.685  22.713   2.779   0.901 -80.026   2.243   0.787 -80.351   2.957   0.710 -83.590   0.970 0 0 0 0 0 1 
1236 66 103844  710.37 2158.94  -0.39   0.12  22.863  0.029  23.251  22.863  22.997   3.587   0.801  75.106   3.544   0.747  77.584   6.186   0.773  83.143   1.000 0 0 0 0 0 1 
1236 66  26662 1467.05 1517.76  -0.13   0.05  22.041  0.024  22.297  21.997  22.149   3.360   0.906  49.151   3.248   0.857  57.964   5.124   0.813  65.064   0.863 0 0 0 0 0 1 
1236 66 167918 1398.62 2091.37  -0.01  -0.04  20.304  0.023  20.622  20.303  20.440   3.133   0.981  68.045   3.017   0.984  77.111   4.740   0.979 -64.353   0.996 0 0 0 0 2 1 
1236 66  85493   82.19  520.57   0.11   0.10  21.728  0.024  22.173  21.728  21.930   3.664   0.887 -20.788   4.170   0.794 -23.947   8.119   0.779 -32.454   1.000 0 0 0 0 2 1 
1236 66 120209  401.39  786.05   0.02  -0.04  20.053  0.023  20.378  20.053  20.187   3.094   0.999 -85.432   3.005   0.990 -45.256   4.757   0.985 -51.068   1.000 0 0 0 0 3 1 
1236 66  10691  395.10 2609.39  -0.03   0.02  21.476  0.024  21.598  21.443  21.481   2.637   0.970  53.045   2.002   0.951  49.603   2.251   0.961  46.995   0.788 0 0 0 0 0 1 
1236 66   7276 1324.50 3145.06   0.03  -0.05  20.071  0.023  20.366  20.072  20.182   3.041   0.991  66.601   2.892   0.988  46.549   4.312   0.992  -3.056   1.000 0 0 0 0 0 1 
1236 66  71246 1433.66 3376.39  -0.00  -0.04  19.886  0.023  20.151  19.884  19.990   2.977   0.981 -87.833   2.741   0.981 -86.570   3.874   0.990 -47.575   0.991 0 0 0 0 0 1 
1236 66 188884 1334.46 1662.10   0.04  -0.08  20.856  0.023  21.145  20.857  20.947   3.003   0.981  73.425   2.769   0.983 -75.353   4.147   0.965 -35.360   1.000 0 0 0 0 0 1 
1236 66 140743  632.40 2597.03  -0.04   0.51  22.425  0.026  22.697  22.362  22.532   3.747   0.688 -57.852   3.848   0.498 -57.576   6.441   0.481 -56.198   0.824 0 0 0 1061999383414498 0 1 
1236 66 114791 1985.71 2423.96  -0.20  -0.21  22.238  0.024  22.733  22.059  22.650   4.890   0.873 -78.100   5.775   0.834 -81.749  15.659   0.823 -82.545   0.785 0 0 0 0 0 1 
1236 66 186170  503.54   53.95   0.21   0.12  22.322  0.025  22.457  22.178  22.396   3.528   0.821  -1.677   3.430   0.687  -3.319   5.304   0.641  -3.724   0.502 0 0 0 0 0 1 
1236 66 104170  360.71 1034.59   0.05   0.11  21.034  0.023  21.558  21.017  21.331   4.277   0.939  37.718   5.117   0.905  41.626  11.492   0.907  44.104   0.974 0 0 0 0 0 1 
1236 66 199128 1822.09 1607.55   0.01  -0.10  20.765  0.023  21.015  20.741  20.852   3.060   0.958  71.059   2.801   0.946  74.783   4.059   0.949  89.190   0.915 0 0 0 1061999383413768 0 1 
1236 66 140369  696.75 2289.30   0.05  -0.07  22.024  0.025  22.248  22.022  22.079   2.814   0.963  43.929   2.296   0.954  46.844   3.034   0.957 -69.135   0.987 0 0 0 0 0 1 
1236 66  67180  602.57  736.64  -0.26  -0.11  23.183  0.033  23.608  23.183  23.320   3.601   0.797  75.010   3.978   0.597  72.203   7.923   0.519  71.823   1.000 0 0 0 0 0 1 
1236 66 154477 1856.96 3706.76  -0.18   0.26  23.014  0.031  23.023  22.838  23.066   3.078   0.899  41.381   2.587   0.822  42.189   3.235   0.823  53.341   0.056 0 0 0 0 0 1 
1236 66  41576 1635.13 3273.74  -0.05  -0.15  20.347  0.023  20.678  20.347  20.505   3.243   0.967  51.845   3.239   0.946  49.383   5.155   0.959  48.088   1.000 0 0 0 0 0 1 
1236 66 107225  596.32  122.51   0.03  -0.08  22.789  0.029  23.101  22.790  22.846   3.004   0.853  38.515   2.706   0.735  39.915   4.039   0.807  51.913   1.000 0 0 0 0 0 1 
1236 66  72081  664.14 2063.05   0.04  -0.10  20.648  0.023  21.085  20.617  20.877   3.872   0.974  69.524   4.426   0.946  58.824   8.914   0.955  54.170   0.940 0 0 0 0 0 1 
1236 66  72302  912.41 3825.32   0.06  -0.06  20.181  0.023  20.389  20.182  20.229   2.735   0.987  69.823   2.266   0.981  53.960   2.830   0.996  23.464   1.000 0 0 0 0 0 1 
1236 66 104775 1157.07 1199.63   0.27  -0.15  23.629  0.044  23.629  23.417  23.586   3.020   0.887 -19.367   2.485   0.800 -18.420   3.133   0.882   1.826   0.000 0 0 0 0 0 1 
1236 66 160130 1875.81  658.85  -0.07  -0.02  23.438  0.040  23.589  23.438  23.383   2.749   0.919  64.998   1.986   0.912  71.917   2.302   0.833 -82.862   1.000 0 0 0 0 0 1 
1236 66  87537 1984.54 1797.25  -0.04   0.00  19.547  0.023  19.982  19.547  19.783   3.683   0.968  63.741   4.277   0.961  61.993   8.009   0.977  52.864   1.000 0 0 0 0 5 1 
1236 66  77479 1942.89 1641.23   0.05  -0.14  21.107  0.023  21.612  21.107  21.344   3.895   0.939  36.484   4.676   0.891  23.839   9.956   0.879  16.558   1.000 0 0 0 0 2 1 
1236 66 142227 1027.47 3634.98   0.06  -0.07  20.954  0.023  21.115  20.937  20.988   2.711   0.987 -83.416   2.152   0.989  44.963   2.653   0.920  34.598   0.899 0 0 0 1061999383415145 0 1 
1236 66  93892   70.94 2750.93   0.24  -0.33  22.643  0.028  22.959  22.643  22.820   4.220   0.639 -19.520   4.464   0.477 -22.374   7.408   0.416 -25.057   1.000 0 0 0 0 0 1 
1236 66  87051  488.24 3622.54   0.06  -0.12  20.502  0.023  20.719  20.499  20.556   2.758   0.976  60.102   2.293   0.951  53.321   2.983   0.946  50.244   0.983 0 0 0 1061999383415148 0 1 
