# Visit  CCD  FakeID  FakeX  FakeY   DiffX   DiffY   CmodMag   CmodErr  ExpMag  DevMag  KronMag  SdssR  SdssBa  SdssPa  ExpR  ExpBa  ExpPa  DevR  DevBa  DevPa  fracDev  SdssMiter ExpMiter DevMiter parentID  nChild  extended
1236 33  74252 1918.84  244.89   1.05  -0.00  21.929  0.021  22.011  21.581  21.955   4.697   0.698  -4.893   5.196   0.577  -4.987  10.827   0.503  -4.639   0.215 0 0 0 0 0 1 
1236 33 102795 1292.34  416.78  -0.10  -0.02  22.740  0.026  22.868  22.671  22.768   3.056   0.927   1.388   2.614   0.856  -9.835   3.387   0.812 -20.225   0.654 0 0 0 0 0 1 
1236 33  36500  971.86 4091.79  -0.01   0.01  20.218  0.019  20.411  20.219  20.271   2.686   0.970  34.058   2.130   0.963  52.826   2.591   0.971  64.414   1.000 0 0 0 0 2 1 
1236 33 158272   45.05 3845.42   0.04   0.03  21.142  0.019  21.480  21.141  21.293   3.244   0.950 -62.748   3.252   0.898 -61.525   5.373   0.877 -58.832   1.000 0 0 0 0 0 1 
1236 33 170049  204.83 3150.43  -0.04  -0.11  22.151  0.022  22.255  22.067  22.178   2.942   0.880  71.439   2.506   0.760  73.891   3.159   0.725  73.247   0.562 0 0 0 0 0 1 
1236 33 195647 1753.55  593.19  -0.01  -0.07  21.197  0.020  21.577  21.198  21.376   3.442   0.979  40.057   3.551   0.972  53.421   6.225   0.969 -88.203   1.000 0 0 0 1061857649492276 0 1 
1236 33 134002  942.77 3660.62  -0.00   0.24  22.977  0.029  23.115  22.963  23.018   2.783   0.951  43.658   2.190   0.920  50.137   2.475   0.927  53.013   0.900 0 0 0 0 0 1 
1236 33  93694 1174.97 2602.38  -0.03  -0.06  20.824  0.020  21.099  20.824  20.908   2.977   0.980  13.259   2.657   0.975   8.999   3.907   0.943  -3.054   1.000 0 0 0 0 0 1 
1236 33 152781 1352.80 1518.20  -0.00   0.01  21.017  0.020  21.364  21.017  21.139   3.238   0.989 -37.357   3.172   0.993 -28.471   5.255   0.982 -12.568   1.000 0 0 0 0 0 1 
1236 33 181804 1211.01 1020.54  -0.09   0.15  22.830  0.026  23.118  22.831  22.897   3.135   0.904  -1.829   2.917   0.838  -7.146   4.541   0.750  -6.856   1.000 0 0 0 0 0 1 
1236 33  70688 1707.13 1727.80  -0.20  -0.20  22.779  0.027  22.945  22.780  22.744   2.533   0.934 -20.938   1.769   0.842 -31.212   2.142   0.767 -42.190   1.000 0 0 0 1061857649492956 0 1 
1236 33   8567  962.88  303.76   0.01  -0.44  23.652  0.039  23.651  23.204     nan   4.027   0.879 -58.656   4.057   0.810 -61.826   8.461   0.745 -64.040   0.000 0 0 0 0 0 1 
1236 33 184369  992.29 1616.57  -0.00  -0.08  20.524  0.020  20.936  20.524  20.732   3.672   0.963  12.761   4.064   0.951  16.276   7.547   0.936   2.634   1.000 0 0 0 0 0 1 
1236 33 174429  184.60 3625.20  -0.05  -0.05  19.364  0.019  19.695  19.364  19.508   3.181   0.974  43.419   3.295   0.963  54.131   5.165   0.975  52.599   1.000 0 0 0 1061857649494083 0 1 
1236 33 197072 1362.71 3767.27   0.01  -0.05  20.220  0.019  20.521  20.221  20.332   3.073   0.980  18.622   2.899   0.985  20.487   4.392   0.983 -19.042   1.000 0 0 0 0 0 1 
1236 33 174032 1396.49 1992.62  -0.05   0.34     nan    nan     nan     nan  22.278   3.390   0.917 -16.457     nan     nan     nan     nan     nan     nan     nan 0 0 0 1061857649493082 0 1 
1236 33    540 1768.95  615.35   0.36  -0.22  20.419  0.020  20.753  20.376  20.608   4.195   0.793 -29.527   4.782   0.699 -29.726   8.564   0.673 -29.287   0.893 0 0 0 1061857649492276 0 1 
1236 33  75854  609.17 2534.69  -0.02  -0.09  19.601  0.019  19.853  19.602  19.686   2.930   0.987  35.194   2.699   0.987  63.650   3.688   0.986 -75.148   1.000 0 0 0 0 0 1 
1236 33 182787 1594.15 3344.15  -0.07  -0.08  20.584  0.019  20.982  20.583  20.785   3.601   0.955  29.566   3.896   0.919  37.712   6.996   0.931  34.750   0.997 0 0 0 0 0 1 
1236 33  67275  841.00 1773.96   0.02  -0.10  21.395  0.020  21.687  21.392  21.489   3.029   0.983  61.435   2.758   0.969  82.955   4.174   0.963 -66.367   0.989 0 0 0 1061857649492982 0 1 
1236 33 187426  924.68 3351.98   0.23  -0.13  22.580  0.024  22.704  22.521  22.638   3.239   0.828 -60.058   2.932   0.669 -60.038   3.776   0.603 -60.211   0.683 0 0 0 0 0 1 
1236 33 195157  988.52 1981.45  -0.00   0.14  22.077  0.022  22.225  22.071  22.108   2.640   0.967  51.765   1.940   0.946  55.485   2.167   0.965  46.917   0.957 0 0 0 0 0 1 
1236 33 113759  770.72  160.40   0.23  -0.03  23.049  0.029  23.108  22.938  23.080   2.817   0.990  82.627   2.225   0.981  29.139   2.835   0.863  16.530   0.349 0 0 0 0 0 1 
1236 33 113216 1514.65 2413.38  -0.03  -0.05  19.976  0.019  20.232  19.977  20.055   2.923   0.987   2.585   2.617   0.994 -56.517   3.650   0.977 -60.319   1.000 0 0 0 0 2 1 
1236 33 129550 1541.56 1529.97   0.22   0.33  22.492  0.023  22.863  22.492  22.646   3.371   0.982  50.453   3.264   0.986  43.179   5.726   0.949  -9.555   1.000 0 0 0 1061857649492833 0 1 
1236 33  51310  983.90  988.03  -0.02  -0.06  21.419  0.020  21.758  21.419  21.402   2.782   0.950  76.918   2.351   0.887  77.145   3.781   0.911  37.097   1.000 0 0 0 0 2 1 
1236 33  67413  408.40 3330.42  -0.00  -0.04  22.112  0.021  22.357  22.104  22.183   2.964   0.961   9.125   2.573   0.933   5.811   3.648   0.911  10.612   0.969 0 0 0 0 0 1 
1236 33  59898  836.63 3995.27   0.05   0.02  21.333  0.019  21.621  21.228  21.486   3.814   0.944  57.890   4.177   0.892  63.618   7.666   0.886  69.940   0.753 0 0 0 1061857649494271 0 1 
1236 33  46253  647.90 2317.42  -0.34   0.56  22.350  0.022  22.553  22.240  22.554   3.983   0.744 -37.112   3.977   0.635 -39.014   6.467   0.605 -43.394   0.670 0 0 0 0 0 1 
1236 33  78615  160.19  704.60   0.00   0.02  21.970  0.021  22.162  21.971  21.976   2.812   0.893  75.564   2.343   0.764  79.229   2.901   0.741  82.242   1.000 0 0 0 0 0 1 
1236 33 129761  490.28 1875.93   0.08  -0.07  21.156  0.020  21.417  21.156  21.211   2.856   0.962  15.797   2.456   0.928  11.910   3.474   0.918   8.597   1.000 0 0 0 1061857649493043 0 1 
1236 33   9896 1053.65  176.48   0.03   0.07  21.344  0.020  21.666  21.321  21.462   3.358   0.956  46.389   3.338   0.921  44.445   5.586   0.905  39.435   0.936 0 0 0 0 0 1 
1236 33  69011   22.22 2530.40  -0.22  -0.40     nan    nan     nan     nan  20.587   3.010   0.954  41.207     nan     nan     nan     nan     nan     nan     nan 0 0 0 0 2 1 
1236 33  54349  598.53 2610.95  -0.10   0.22  22.847  0.027  23.125  22.848  22.797   2.710   0.970  37.221   2.236   0.924  47.666   3.322   0.884  22.556   1.000 0 0 0 0 0 1 
1236 33  91909 1296.41 2355.05  -0.11  -0.11  22.502  0.023  22.635  22.379  22.508   3.066   0.938 -54.597   2.708   0.858 -59.969   3.912   0.836 -67.525   0.535 0 0 0 1061857649493392 0 1 
1236 33 132552  620.61 1004.42  -0.11  -0.26  23.214  0.031  23.214  23.010  23.208   3.290   0.866 -74.684   2.937   0.747 -70.075   3.983   0.692 -63.202   0.000 0 0 0 0 0 1 
1236 33  81113 1816.88 3901.37  -0.16   0.01  22.151  0.021  22.412  22.058  22.264   3.643   0.849  -8.629   3.630   0.801 -10.559   6.186   0.800 -10.824   0.757 0 0 0 0 0 1 
1236 33 176086  451.29 2558.01   0.01   0.11     nan    nan     nan     nan  21.443   3.170   0.936  27.297     nan     nan     nan     nan     nan     nan     nan 0 0 0 1061857649493526 0 1 
1236 33  76253   88.50 2717.21   0.09  -0.08  22.400  0.023  22.746  22.401  22.423   2.787   0.963  82.809   2.416   0.969  85.724   3.988   0.946   7.771   1.000 0 0 0 0 0 1 
1236 33 102879 1336.99 2561.68  -0.05  -0.04  19.702  0.019  20.252  19.691  20.032   4.636   0.970  -2.390   5.953   0.984   3.833  13.708   0.989  -7.846   0.983 0 0 0 1061857649493524 0 1 
1236 33 200480 1764.11 4110.15  -0.03   0.00  20.367  0.019  20.572  20.368  20.427   2.786   0.981  41.326   2.321   0.959  77.009   2.908   0.962 -82.540   1.000 0 0 0 1061857649494321 0 1 
1236 33 172815   37.84 1605.05   0.03  -0.04  23.021  0.029  23.142  22.997  23.072   2.701   0.923  45.850   2.010   0.871  48.973   2.281   0.821  65.567   0.831 0 0 0 1061857649492881 0 1 
1236 33  85804 1353.82  965.66   0.08  -0.22  21.628  0.020  21.968  21.616  21.760   3.315   0.943   5.661   3.251   0.911   6.762   5.509   0.891   3.192   0.968 0 0 0 0 0 1 
1236 33 132284  307.42 3535.39   0.39   0.06  21.615  0.020  21.836  21.570  21.727   3.383   0.844  28.200   3.395   0.702  27.025   5.073   0.654  25.543   0.837 0 0 0 0 0 1 
1236 33  58003 1447.10 1716.69  -0.08  -0.13  20.499  0.020  20.886  20.499  20.648   3.473   0.927  51.336   3.660   0.871  54.765   6.319   0.908  59.770   1.000 0 0 0 1061857649492948 0 1 
1236 33  69461 1405.03 2512.40  -0.04  -0.24  22.817  0.026  23.158  22.818  22.665   2.924   0.921  40.287   2.516   0.856  35.339   4.219   0.807  17.885   1.000 0 0 0 1061857649493524 0 1 
1236 33  69354 1111.94  766.96   0.30   0.36  21.607  0.020  21.742  21.466  21.643   3.228   0.920   3.289   2.970   0.845   0.344   4.516   0.806   2.133   0.504 0 0 0 0 2 1 
1236 33 173755  515.93 2467.22  -0.16  -0.01  22.831  0.026  23.249  22.831  22.847   3.543   0.785  27.429   3.689   0.618  28.450   6.829   0.617  15.965   1.000 0 0 0 0 2 1 
1236 33  94903  710.99   76.09  -0.04   0.05  20.918  0.020  21.091  20.883  20.971   2.904   0.952 -71.228   2.539   0.872 -69.528   3.312   0.832 -67.785   0.833 0 0 0 1061857649492015 0 1 
1236 33  78440 1430.25 3821.12  -0.04  -0.04  21.983  0.021  22.119  21.915  21.978   2.943   0.896  20.424   2.416   0.837  17.297   3.045   0.860   9.220   0.672 0 0 0 0 0 1 
