# Visit  CCD  FakeID  FakeX  FakeY   DiffX   DiffY   CmodMag   CmodErr  ExpMag  DevMag  KronMag  SdssR  SdssBa  SdssPa  ExpR  ExpBa  ExpPa  DevR  DevBa  DevPa  fracDev  SdssMiter ExpMiter DevMiter parentID  nChild  extended
1236 35  69368  392.26  224.88  -0.04  -0.12  20.733  0.017  21.102  20.720  20.922   3.569   0.968  63.542   3.733   0.961  79.200   6.571   0.962 -77.181   0.968 0 0 0 0 0 1 
1236 35  39317  472.69  846.41   0.26   0.26  23.053  0.028  23.454  23.053  22.890   4.850   0.630 -82.857   5.149   0.488 -80.354   9.799   0.438 -78.773   1.000 0 0 0 0 0 1 
1236 35 150961  388.09 3288.27   0.15  -0.27  22.106  0.020  22.588  21.992  22.352   4.694   0.817  33.384   5.353   0.761  31.795  13.196   0.736  30.240   0.843 0 0 0 0 0 1 
1236 35 193630  420.46 4072.35  -0.01   0.12  23.290  0.036  23.290  23.242     nan   2.930   0.853 -30.270   2.351   0.602 -31.224   2.238   0.493 -35.533   0.000 0 0 0 0 0 1 
1236 35  85053 1463.48 2901.25  -0.01  -0.07  21.912  0.019  22.356  21.912  22.070   3.534   0.976 -24.166   3.821   0.942 -29.039   7.404   0.933 -34.394   1.000 0 0 0 0 0 1 
1236 35  21222 1600.95 3519.43   0.37   0.20  22.718  0.024  23.259  22.718  23.083   4.574   0.734  84.340   5.167   0.614  84.683  11.814   0.578  84.109   1.000 0 0 0 0 0 1 
1236 35   5835  973.08 1316.30   0.02  -0.09  21.323  0.018  21.661  21.280  21.464   3.554   0.908 -86.507   3.657   0.843 -83.509   6.437   0.849 -85.316   0.896 0 0 0 0 0 1 
1236 35  99366 1210.00 3014.59  -0.51   0.27     nan    nan     nan     nan     nan   2.718   0.967 -53.949     nan     nan     nan     nan     nan     nan     nan 0 0 0 0 0 1 
1236 35 163318  656.83 2940.63  -0.44  -0.19  21.444  0.018  21.608  21.394  21.460   3.033   0.894  28.335   2.592   0.821  18.487   3.375   0.813  13.770   0.773 0 0 0 0 0 1 
1236 35 119466  139.75 2184.18  -0.15  -0.07  21.423  0.018  21.670  21.399  21.490   3.051   0.954  43.639   2.667   0.957  28.074   3.805   0.984  20.132   0.918 0 0 0 0 0 1 
1236 35  60323 1849.15 1472.53   0.02  -0.16  20.716  0.018  21.005  20.694  20.831   3.238   0.958  42.394   3.040   0.967  33.338   4.737   0.962   9.064   0.935 0 0 0 0 0 1 
1236 35  64997  150.48  134.38  -0.04  -0.02  20.982  0.017  21.420  20.982  21.201   3.749   0.963  75.486   4.117   0.931  80.718   7.937   0.927  89.668   1.000 0 0 0 0 0 1 
1236 35  20998  978.30 3035.05  -0.09  -0.12  21.416  0.018  21.613  21.408  21.448   2.838   0.915  54.726   2.226   0.913  53.612   2.722   0.974  63.500   0.960 0 0 0 1061866239428229 0 1 
1236 35 152374 1814.76 1046.75   0.01  -0.19  21.416  0.018  21.645  21.406  21.470   2.871   0.993  59.786   2.419   0.937 -44.922   3.359   0.892 -41.694   0.959 0 0 0 1061866239427130 0 1 
1236 35 195827  297.91 3313.61  -0.19  -0.16  21.528  0.018  21.905  21.528  21.679   3.543   0.909  42.261   3.626   0.899  41.908   6.290   0.910  35.478   1.000 0 0 0 0 0 1 
1236 35 146224  358.77 3542.67   0.31   0.03  22.407  0.022  22.742  22.407  22.342   3.273   0.824  19.015   3.188   0.689  16.247   5.131   0.701  16.873   1.000 0 0 0 0 0 1 
1236 35  45322 1955.10 2973.29  -0.11  -0.12  22.626  0.024  22.865  22.607  22.656   3.042   0.866  49.071   2.482   0.828  44.458   3.428   0.866  24.645   0.929 0 0 0 0 0 1 
1236 35  87734 1794.38   98.51  -0.35  -0.18  23.541  0.041  23.629  23.310  23.527   3.228   0.895  32.092   2.871   0.863  33.143   4.726   0.823  30.725   0.297 0 0 0 0 0 1 
1236 35   9326 1182.04 2168.68  -0.10  -0.20  22.320  0.021  22.590  22.320  22.390   2.958   0.949  80.812   2.561   0.897 -72.416   3.872   0.808 -66.110   1.000 0 0 0 0 0 1 
1236 35 156426  985.38 2328.37  -0.03  -0.06  20.367  0.017  20.649  20.367  20.459   3.034   0.959  54.930   2.703   0.983  56.426   3.931   0.993 -13.855   1.000 0 0 0 0 0 1 
1236 35 119110 1861.90 2039.07   0.01  -0.33  22.305  0.021  22.621  22.306  22.392   3.064   0.941  57.752   2.665   0.949  76.656   4.127   0.954 -41.990   1.000 0 0 0 0 0 1 
1236 35 105223  623.59 3091.73   0.05  -0.36  21.223  0.018  21.539  21.184  21.333   3.392   0.952  81.296   3.293   0.948 -83.963   5.604   0.932 -72.039   0.898 0 0 0 0 0 1 
1236 35  11826 1775.26  926.66  -1.08   0.03  22.229  0.020  22.511  21.927  22.305   5.724   0.605  36.600   6.826   0.526  37.899  16.998   0.498  39.190   0.539 0 0 0 1061866239427061 0 1 
1236 35 188122  377.14 2652.09  -0.10  -0.17  22.894  0.027  23.328  22.894  22.949   3.636   0.831 -86.526   3.822   0.751 -85.921   7.086   0.774 -84.313   1.000 0 0 0 0 0 1 
1236 35 190718  393.11 2980.89   0.07  -0.02  21.795  0.019  21.993  21.787  21.827   2.950   0.869  63.080   2.439   0.808  67.176   3.002   0.858  69.903   0.963 0 0 0 0 0 1 
1236 35 113687  881.28 1040.03   0.17  -0.12  21.245  0.018  21.769  21.241  21.521   4.161   0.950   6.696   4.905   0.914  20.381  10.851   0.905  23.669   0.995 0 0 0 0 0 1 
1236 35  75755  324.37  615.11  -0.01  -0.08  21.460  0.018  21.761  21.412  21.605   3.605   0.907  51.401   3.594   0.870  50.234   5.984   0.881  48.315   0.874 0 0 0 1061866239426884 0 1 
1236 35  89169 1704.80 1473.83  -0.02  -0.07     nan    nan     nan     nan  20.145   3.305   0.936  52.476     nan     nan     nan     nan     nan     nan     nan 0 0 0 1061866239427367 0 1 
1236 35  24771  880.69 3143.30  -0.09  -0.08  21.754  0.019  22.251  21.754  21.919   3.902   0.887  18.432   4.400   0.839   9.006   9.410   0.805   4.090   1.000 0 0 0 0 0 1 
1236 35 186274 1950.81 1564.05  -0.02  -0.04  22.101  0.020  22.330  22.077  22.164   3.020   0.931  -7.695   2.668   0.845 -21.700   3.788   0.819 -36.626   0.910 0 0 0 0 0 1 
1236 35  87092  817.32 3186.97   0.25   0.08  23.335  0.036  23.364  23.196  23.333   2.714   0.936 -56.369   2.212   0.755 -42.834   2.679   0.722 -40.339   0.177 0 0 0 0 0 1 
1236 35 103083 1002.70 2209.60   0.13   0.00  20.912  0.018  21.252  20.912  20.979   3.018   0.964 -58.436   2.916   0.884 -45.144   4.917   0.810 -39.556   1.000 0 0 0 1061866239427765 0 1 
1236 35 123422 1854.28 1973.04   0.20  -0.52  20.695  0.017  21.325  20.665  20.984   4.673   0.948 -47.348   5.999   0.898 -51.187  15.992   0.877 -50.183   0.964 0 0 0 0 0 1 
1236 35 167594 1294.04 1819.95  -0.15  -0.06  21.063  0.018  21.440  21.046  21.252   3.831   0.880   4.564   4.110   0.823   2.341   7.404   0.822   3.672   0.961 0 0 0 1061866239427583 0 1 
1236 35  73752  106.21  512.79  -0.02  -0.09  19.661  0.017  19.919  19.661  19.755   3.052   0.946  49.296   2.766   0.948  49.544   3.775   0.982  57.668   1.000 0 0 0 0 0 1 
1236 35 117202  225.13  250.87   0.09  -0.01  22.705  0.025  22.908  22.705  22.685   2.827   0.946 -12.300   2.282   0.873 -18.177   2.897   0.845 -32.045   1.000 0 0 0 1061866239426706 0 1 
1236 35 187467 1373.58 1063.51   0.07  -0.25  22.889  0.027  22.990  22.807  22.801   2.749   0.941 -88.133   2.109   0.840 -75.708   2.621   0.801 -77.259   0.560 0 0 0 0 0 1 
1236 35 183725 1612.52 2286.35   0.57  -0.82  21.918  0.019  22.109  21.719  22.027   5.701   0.497 -43.766   6.404   0.335 -43.420  12.568   0.281 -42.612   0.522 0 0 0 0 0 1 
1236 35 179378  812.61  180.52  -0.03  -0.13  20.226  0.017  20.445  20.223  20.286   2.850   0.966  49.400   2.338   0.984  68.306   3.014   0.994 -84.905   0.988 0 0 0 0 0 1 
1236 35 134169  911.93  179.73  -0.04  -0.16  22.345  0.021  22.582  22.286  22.416   3.439   0.862  64.015   3.266   0.767  64.756   5.085   0.735  62.964   0.814 0 0 0 0 0 1 
1236 35  27980  798.88 1506.73  -0.03  -0.11  19.912  0.017  20.180  19.912  20.012   2.942   0.950  51.460   2.571   0.957  54.930   3.678   0.940  65.927   1.000 0 0 0 0 3 1 
1236 35 149409  165.64  650.05   0.01   0.23  20.214  0.017  20.572  20.201  20.395   3.566   0.884  82.732   3.689   0.818  87.258   6.348   0.816 -85.225   0.967 0 0 0 0 4 1 
1236 35  75429 1203.43  844.58  -0.17  -0.15  22.241  0.020  22.736  22.241  22.530   3.962   0.851  12.524   4.371   0.779   9.898   9.186   0.762   5.804   1.000 0 0 0 1061866239427006 0 1 
1236 35  48207 1417.31 2259.09  -0.01  -0.11  20.812  0.018  21.060  20.812  20.879   2.972   0.939  52.573   2.562   0.949  50.158   3.449   0.984   8.065   1.000 0 0 0 1061866239427811 0 1 
1236 35 170246 1694.55 2569.95   0.18  -0.06  22.890  0.026  23.036  22.665  22.953   3.679   0.945 -78.059   3.562   0.908 -52.246   6.419   0.868 -39.016   0.425 0 0 0 0 0 1 
1236 35  95091  722.97 3509.99  -0.01  -0.04  20.837  0.018  21.039  20.823  20.871   2.834   0.953  75.797   2.296   0.946 -75.010   2.961   0.946 -54.957   0.939 0 0 0 0 0 1 
1236 35 137415  894.47 2349.88  -0.10  -0.11  21.090  0.018  21.487  21.044  21.286   3.928   0.939  87.577   4.317   0.921 -86.275   8.404   0.927 -77.459   0.908 0 0 0 0 0 1 
1236 35 165671  137.73 2736.43  -0.04  -0.13  21.608  0.018  21.968  21.508  21.806   4.050   0.953  17.786   4.505   0.937  -7.813   9.407   0.876 -17.407   0.806 0 0 0 1061866239428087 0 1 
1236 35  39521  684.84 3035.06   0.00   0.04  20.420  0.018  20.606  20.421  20.439   2.706   0.951  56.332   2.069   0.978  55.617   2.468   0.989  19.886   1.000 0 0 0 1061866239428240 0 1 
1236 35   7516  388.33 3969.74   0.05   0.06  21.807  0.019  22.179  21.808  21.899   2.844   0.941  48.557   2.409   0.915  20.982   4.442   0.791  34.600   1.000 0 0 0 0 2 1 
