# Visit  CCD  FakeID  FakeX  FakeY   DiffX   DiffY   CmodMag   CmodErr  ExpMag  DevMag  KronMag  SdssR  SdssBa  SdssPa  ExpR  ExpBa  ExpPa  DevR  DevBa  DevPa  fracDev  SdssMiter ExpMiter DevMiter parentID  nChild  extended
1236 41  74252 1918.84  244.89   0.04  -0.14  22.214  0.029  22.469  22.168  22.334   3.390   0.872  41.755   3.171   0.822  44.362   4.799   0.847  44.820   0.859 0 0 0 0 0 1 
1236 41 102795 1292.34  416.78  -1.00  -1.00  -1.000 -1.000  -1.000  -1.000  -1.000  -1.000  -1.000  -1.000  -1.000  -1.000  -1.000  -1.000  -1.000  -1.000  -1.000 -1 -1 -1 -1 -1 -1 
1236 41  36500  971.86 4091.79   0.00  -0.01  20.217  0.027  20.411  20.218  20.255   2.736   0.964  50.197   2.218   0.954  56.408   2.686   0.967  48.913   1.000 0 0 0 1061892009232840 0 1 
1236 41 158272   45.05 3845.42   0.03  -0.01  21.230  0.027  21.563  21.225  21.357   3.178   0.966   0.892   3.029   0.949 -15.723   4.924   0.954 -17.745   0.987 0 0 0 0 0 1 
1236 41 170049  204.83 3150.43  -0.04  -0.03  22.147  0.029  22.281  22.110  22.157   2.757   0.964 -87.230   2.210   0.899 -77.914   2.565   0.930 -68.007   0.785 0 0 0 0 0 1 
1236 41 195647 1753.55  593.19   0.04   0.22  21.168  0.028  21.542  21.159  21.344   3.463   0.965  84.525   3.587   0.920 -84.091   6.397   0.893 -69.570   0.979 0 0 0 1061892009230718 0 1 
1236 41 134002  942.77 3660.62   0.18   0.15  24.096  0.066  24.096  24.099  24.148   1.870   0.985  39.690   0.503   0.549 -57.120   0.292   0.549 -55.506   0.000 0 0 0 1061892009232608 0 0 
1236 41  93694 1174.97 2602.38   0.06   0.07  20.780  0.028  21.067  20.780  20.868   2.973   0.972  67.348   2.682   0.959  70.449   3.925   0.977  72.231   1.000 0 0 0 0 0 1 
1236 41 152781 1352.80 1518.20  -0.04  -0.01  21.162  0.028  21.443  21.149  21.252   3.016   0.983 -37.053   2.760   0.949 -57.595   4.230   0.921 -66.738   0.955 0 0 0 1061892009231334 0 1 
1236 41 181804 1211.01 1020.54   0.42   0.22  23.017  0.034  23.211  22.944  23.067   2.969   0.900  70.507   2.565   0.804  68.548   3.852   0.740  63.245   0.739 0 0 0 1061892009231023 0 1 
1236 41  70688 1707.13 1727.80   0.04  -0.28  22.783  0.032  22.949  22.770  22.823   2.763   0.934 -86.480   2.205   0.835 -79.353   2.751   0.761 -68.002   0.928 0 0 0 0 0 1 
1236 41   8567  962.88  303.76  -0.12   0.04  23.602  0.042  23.613  23.197  23.505   3.938   0.843 -82.683   3.892   0.778 -83.332   7.714   0.710 -84.550   0.033 0 0 0 0 0 1 
1236 41 184369  992.29 1616.57  -0.06  -0.04  20.419  0.028  20.875  20.419  20.648   3.762   0.972  86.756   4.286   0.961  80.431   8.327   0.984 -68.702   1.000 0 0 0 1061892009231416 0 1 
1236 41 174429  184.60 3625.20  -0.01  -0.01  19.327  0.027  19.710  19.327  19.520   3.174   0.978  40.136   3.205   0.989  38.759   5.701   0.928  33.950   1.000 0 0 0 0 4 1 
1236 41 197072 1362.71 3767.27  -0.06  -0.06  20.243  0.027  20.536  20.243  20.347   3.070   0.972  34.962   2.935   0.971  33.767   4.354   0.975  20.818   1.000 0 0 0 0 0 1 
1236 41 174032 1396.49 1992.62   0.12  -0.21  21.402  0.028  21.858  21.347  21.683   4.340   0.928 -12.425   4.966   0.901 -14.716  10.966   0.865 -11.834   0.908 0 0 0 1061892009231675 0 1 
1236 41    540 1768.95  615.35  -0.03   0.00  20.546  0.028  20.919  20.546  20.692   3.380   0.970  51.922   3.549   0.948  54.866   6.112   0.942  50.747   1.000 0 0 0 1061892009230718 0 1 
1236 41  75854  609.17 2534.69  -0.00  -0.06  19.565  0.027  19.835  19.566  19.651   2.952   0.978  61.459   2.788   0.969  69.536   3.900   0.983  45.495   1.000 0 0 0 0 0 1 
1236 41 182787 1594.15 3344.15  -0.03  -0.06  20.663  0.027  21.015  20.638  20.833   3.513   0.964  61.913   3.733   0.937  64.932   6.491   0.947  75.600   0.939 0 0 0 1061892009232446 0 1 
1236 41  67275  841.00 1773.96   0.07   0.02     nan    nan     nan     nan  21.912   2.590   0.983   8.261     nan     nan     nan     nan     nan     nan     nan 0 0 0 1061892009231587 0 1 
1236 41 187426  924.68 3351.98  -0.19   0.10  22.645  0.031  22.814  22.560  22.736   3.098   0.922  88.841   2.741   0.844 -83.884   3.897   0.830 -78.190   0.681 0 0 0 0 0 1 
1236 41 195157  988.52 1981.45   0.00  -0.01  22.033  0.029  22.172  22.010  22.032   2.603   0.971  76.241   1.945   0.937 -84.612   2.241   0.934 -71.460   0.857 0 0 0 1061892009231672 0 1 
1236 41 113759  770.72  160.40  -0.02   0.20  22.879  0.033  23.072  22.851  22.909   2.890   0.977  69.190   2.383   0.938  85.224   3.193   0.900 -89.239   0.879 0 0 0 0 0 1 
1236 41 113216 1514.65 2413.38  -0.03  -0.05  19.998  0.027  20.239  19.997  20.071   2.911   0.980  79.484   2.637   0.957  88.966   3.557   0.954 -86.278   0.996 0 0 0 1061892009231929 0 1 
1236 41 129550 1541.56 1529.97   0.04  -0.16  22.755  0.032  23.044  22.754  22.836   3.065   0.939 -18.078   2.778   0.898 -18.634   4.250   0.863  -7.493   0.996 0 0 0 0 0 1 
1236 41  51310  983.90  988.03  -0.00   0.00  21.530  0.028  21.808  21.530  21.591   2.726   0.985 -78.459   2.206   0.931 -56.891   3.420   0.825 -35.412   1.000 0 0 0 0 4 1 
1236 41  67413  408.40 3330.42   0.05  -0.02  22.125  0.029  22.339  22.064  22.205   3.068   0.948  77.676   2.736   0.911  83.658   4.029   0.899 -89.514   0.793 0 0 0 1061892009232436 0 1 
1236 41  59898  836.63 3995.27  -0.10  -0.07  21.245  0.027  21.670  21.243  21.422   3.602   0.958   9.444   3.777   0.960  -3.232   7.219   0.939 -19.585   0.995 0 0 0 0 0 1 
1236 41  46253  647.90 2317.42  -0.03  -0.07  21.992  0.028  22.445  21.992  22.008   3.754   0.883  66.012   4.039   0.816  69.393   7.963   0.813  69.515   1.000 0 0 0 0 0 1 
1236 41  78615  160.19  704.60   0.20  -0.13     nan    nan     nan     nan  21.998   2.744   0.990  51.717     nan     nan     nan     nan     nan     nan     nan 0 0 0 1061892009230819 0 1 
1236 41 129761  490.28 1875.93   0.03   0.02  21.225  0.028  21.449  21.225  21.263   2.738   0.982  22.600   2.238   0.972  -8.085   2.997   0.925 -11.051   1.000 0 0 0 0 0 1 
1236 41   9896 1053.65  176.48  -0.02   0.02  21.387  0.028  21.684  21.344  21.506   3.372   0.951  84.559   3.323   0.921 -86.826   5.540   0.897 -84.464   0.883 0 0 0 0 0 1 
1236 41  69011   22.22 2530.40  -0.22  -0.40  20.503  0.027  20.767  20.504  20.596   2.958   0.961  54.723   2.633   0.956  53.584   3.701   0.968  55.707   1.000 0 0 0 0 0 1 
1236 41  54349  598.53 2610.95   0.22   0.13  23.079  0.035  23.258  23.080  23.084   2.696   0.877  11.516   2.164   0.711   4.503   2.702   0.624  -4.771   1.000 0 0 0 0 0 1 
1236 41  91909 1296.41 2355.05   0.03  -0.23  22.723  0.032  22.863  22.668  22.750   2.921   0.885  78.809   2.452   0.759  86.111   3.199   0.689 -84.335   0.723 0 0 0 0 0 1 
1236 41 132552  620.61 1004.42   0.35   0.34  22.539  0.030  23.041  22.539  22.800   3.869   0.830 -56.939   4.428   0.742 -64.984   9.584   0.694 -66.187   1.000 0 0 0 0 0 1 
1236 41  81113 1816.88 3901.37  -0.12  -0.00  22.203  0.028  22.360  22.016  22.262   3.511   0.929  76.930   3.409   0.900  87.318   5.772   0.894 -77.183   0.484 0 0 0 0 0 1 
1236 41 176086  451.29 2558.01   1.63  -0.05  21.300  0.027  21.300  20.891  21.281   5.412   0.520  -1.153   6.125   0.374  -1.730  12.684   0.317  -1.784   0.000 0 0 0 0 0 1 
1236 41  76253   88.50 2717.21   0.17  -0.22  22.332  0.029  22.602  22.326  22.407   2.998   0.939   1.256   2.675   0.893  -8.129   4.017   0.845 -24.126   0.977 0 0 0 0 0 1 
1236 41 102879 1336.99 2561.68  -0.02  -0.07  19.637  0.027  20.262  19.638  19.994   4.597   0.968 -87.990   5.978   0.955  83.918  15.042   0.936  86.058   1.000 0 0 0 0 3 1 
1236 41 200480 1764.11 4110.15   0.00   0.01  19.925  0.027  20.568  19.784  20.384   2.744   0.983  47.935   2.296   0.977  72.997  10.211   0.577  84.579   0.844 0 0 0 0 8 1 
1236 41 172815   37.84 1605.05   0.01   0.13  22.833  0.032  23.073  22.834  22.767   2.677   0.934 -80.127   2.127   0.837 -71.119   2.903   0.820 -64.459   1.000 0 0 0 0 0 1 
1236 41  85804 1353.82  965.66   0.01  -0.07  21.569  0.028  21.937  21.556  21.736   3.465   0.944  79.374   3.565   0.909  81.835   6.264   0.910  87.150   0.970 0 0 0 1061892009230973 0 1 
1236 41 132284  307.42 3535.39   0.07  -0.02  21.810  0.028  22.007  21.785  21.835   2.794   0.989 -26.123   2.337   0.937 -38.389   3.111   0.914 -26.555   0.890 0 0 0 0 0 1 
1236 41  58003 1447.10 1716.69   0.02  -0.06  20.438  0.028  20.818  20.437  20.589   3.390   0.985   6.233   3.492   0.989  -6.982   6.123   0.983 -28.400   0.996 0 0 0 0 0 1 
1236 41  69461 1405.03 2512.40  -0.01  -0.10  23.139  0.036  23.241  23.080  23.121   2.773   0.928 -65.965   2.152   0.819 -64.165   2.534   0.788 -63.008   0.640 0 0 0 0 0 1 
1236 41  69354 1111.94  766.96   0.27  -0.56  22.250  0.029  22.542  22.229  22.390   3.493   0.823  86.647   3.634   0.664  86.752   6.046   0.580  86.595   0.940 0 0 0 1061892009230854 0 1 
1236 41 173755  515.93 2467.22   0.16  -0.49  22.944  0.033  23.298  22.945  22.959   3.289   0.768 -79.307   3.145   0.613 -77.230   5.125   0.647 -66.809   1.000 0 0 0 0 0 1 
1236 41  94903  710.99   76.09   0.01   0.03  20.928  0.027  21.139  20.928  20.983   2.836   0.955  57.010   2.347   0.934  61.020   2.963   0.949  58.797   1.000 0 0 0 0 0 1 
1236 41  78440 1430.25 3821.12  -1.00  -1.00  -1.000 -1.000  -1.000  -1.000  -1.000  -1.000  -1.000  -1.000  -1.000  -1.000  -1.000  -1.000  -1.000  -1.000  -1.000 -1 -1 -1 -1 -1 -1 
