# Visit  CCD  FakeID  FakeX  FakeY   DiffX   DiffY   CmodMag   CmodErr  ExpMag  DevMag  KronMag  SdssR  SdssBa  SdssPa  ExpR  ExpBa  ExpPa  DevR  DevBa  DevPa  fracDev  SdssMiter ExpMiter DevMiter parentID  nChild  extended
1236 57 107318  358.00 1927.93  -0.14   0.15  21.942  0.018  22.151  21.828  22.024   3.148   0.985 -61.013   2.942   0.946 -59.754   4.904   0.882 -63.809   0.668 0 0 0 1061960728708265 0 1 
1236 57  32672   56.53 3472.48   0.05  -0.02  20.643  0.016  20.726  20.216  20.710   4.609   0.982 -58.352   5.199   0.981 -44.583  11.707   0.971 -35.627   0.189 0 0 0 0 0 1 
1236 57 147468 1574.35 2129.72   0.04  -0.00  21.613  0.017  21.612  21.271  21.592   3.725   0.944  50.834   3.707   0.914  50.547   6.433   0.893  52.845   0.000 0 0 0 0 0 1 
1236 57 117392 1006.56 1245.15   0.70   0.81  22.825  0.021  22.825  22.088     nan   5.910   0.728  55.485   6.994   0.678  54.464  21.218   0.658  53.267   0.000 0 0 0 0 0 1 
1236 57  43237 1452.11 1721.26  -0.02   0.06  22.064  0.018  22.246  21.793  22.117   3.956   0.919  73.098   4.112   0.897  69.174   8.218   0.916  67.964   0.438 0 0 0 1061960728708154 0 1 
1236 57 174970  180.47  944.51   0.41  -0.04     nan    nan     nan     nan     nan  13.116   0.246 -58.906     nan     nan     nan     nan     nan     nan     nan 0 0 0 0 5 1 
1236 57 168048  204.25 2742.26  -0.08  -0.45     nan    nan     nan     nan     nan   3.160   0.924  47.150     nan     nan     nan     nan     nan     nan     nan 0 0 0 0 0 1 
1236 57 101708  727.64 1089.22  -0.36   0.49  22.502  0.020  22.601  21.991     nan   4.956   0.875 -31.003   5.522   0.845 -29.630  14.096   0.824 -27.069   0.199 0 0 0 0 0 1 
1236 57 151607 1526.54 1495.88  -0.21  -0.11  21.756  0.017  21.800  21.302  21.748   4.389   0.967 -22.677   4.782   0.938 -14.624  10.604   0.912 -12.828   0.104 0 0 0 0 0 1 
1236 57 139903 1925.55 2320.12  -1.00  -1.00  -1.000 -1.000  -1.000  -1.000  -1.000  -1.000  -1.000  -1.000  -1.000  -1.000  -1.000  -1.000  -1.000  -1.000  -1.000 -1 -1 -1 -1 -1 -1 
1236 57  14360 1254.20 3602.62  -0.28  -0.21  22.595  0.021  22.709  22.422  22.683   3.246   0.968   5.694   3.052   0.914  -7.852   4.772   0.872  -9.692   0.419 0 0 0 0 0 1 
1236 57 128574  336.52 3371.75   0.26  -0.34  22.971  0.026  22.971  22.810  23.040   3.066   0.832 -81.455   2.617   0.686 -79.995   3.303   0.590 -79.312   0.000 0 0 0 0 0 1 
1236 57 130087 2011.96 3598.38   0.04  -0.38  21.840  0.017  21.839  21.303  21.796   4.406   0.942  69.962   4.891   0.914  67.707  11.435   0.891  66.583   0.000 0 0 0 0 0 1 
1236 57  87005 1577.54 2342.31   0.03  -0.02  21.319  0.017  21.347  21.146  21.294   3.016   0.972  43.237   2.530   0.968  35.227   3.243   0.978  39.189   0.145 0 0 0 0 0 1 
1236 57  11067 1376.95 3972.26   0.16   0.10  21.901  0.018  22.150  21.568  22.000   4.254   0.956  49.117   4.869   0.904  38.631  12.356   0.831  30.456   0.484 0 0 0 1061960728709622 0 1 
1236 57 186858 1701.35 1354.54  -0.54  -0.15     nan    nan     nan     nan     nan     nan     nan     nan     nan     nan     nan     nan     nan     nan     nan 0 0 0 0 0 1 
1236 57  34257 1947.96 2165.22   0.16  -0.11  21.901  0.017  21.901  21.384  23.941   4.479   0.933  89.945   4.895   0.910 -86.751  11.125   0.897 -84.148   0.000 0 0 0 0 0 1 
1236 57  28621  639.52 1940.01   0.13  -0.27  22.345  0.019  22.345  21.925  22.325   3.828   0.982  25.237   3.825   0.994  22.852   7.491   0.978 -54.567   0.000 0 0 0 0 0 1 
1236 57 100970 1547.48  925.75  -0.09  -0.11  22.822  0.023  22.821  22.561  24.853   3.583   0.875  87.549   3.308   0.818 -89.482   4.946   0.804 -88.514   0.000 0 0 0 1061960728707673 0 1 
1236 57 157903 2008.91 3970.28   0.09  -0.28  21.590  0.017  21.803  21.267  21.784   6.511   0.568  60.260   7.130   0.536  59.902  16.573   0.522  59.461   0.445 0 0 0 0 2 1 
1236 57  13278 1421.48 2713.54   0.19  -0.01  22.107  0.018  22.107  21.555  22.108   4.746   0.891  43.145   5.221   0.866  44.291  12.341   0.863  44.686   0.000 0 0 0 0 0 1 
1236 57  23365 1792.56   50.76  -0.18  -0.01  23.001  0.026  23.001  22.715  24.365   3.271   0.976 -79.847   3.019   0.934 -72.301   4.751   0.892 -76.848   0.000 0 0 0 0 0 1 
1236 57  61839 1954.46 3434.00   0.22  -0.09  22.700  0.021  22.815  22.308  22.736   4.103   0.878 -46.839   4.418   0.817 -47.326   9.892   0.775 -47.457   0.264 0 0 0 0 0 1 
1236 57 155191   47.41 1617.75   0.02  -0.07  19.290  0.016  19.401  18.997  19.361   4.311   0.996 -52.506   4.836   0.986 -28.247   9.254   0.972 -29.264   0.293 0 0 0 0 0 1 
1236 57 112567 1556.97 3707.13   0.18   0.04  22.099  0.018  22.550  22.091  22.456   4.567   0.714  27.580   5.445   0.566  24.156  11.450   0.505  22.301   0.984 0 0 0 0 0 1 
1236 57 112321  203.59 1302.32   0.02  -0.03  21.005  0.016  21.005  20.797  20.981   3.089   0.962  39.816   2.662   0.946  24.361   3.535   0.930  13.504   0.004 0 0 0 1061960728707919 0 1 
1236 57  87189 1718.22 4005.91  -0.13  -0.06  22.871  0.025  22.870  22.767  22.858   2.721   0.952  79.379   2.030   0.904 -82.827   2.160   0.830 -76.121   0.000 0 0 0 0 0 1 
1236 57 141776 1929.27 1796.96  -0.07  -0.26  22.897  0.024  23.007  22.704  22.904   3.294   0.921 -23.171   3.016   0.830 -23.574   4.822   0.790 -26.054   0.385 0 0 0 1061960728708187 0 1 
1236 57  68560 1917.96 1977.86   0.72  -0.14     nan    nan     nan     nan  22.450   3.816   0.806   6.767     nan     nan     nan     nan     nan     nan     nan 0 0 0 1061960728708300 0 1 
1236 57 104506 1569.26  268.76   0.11  -0.08  23.147  0.028  23.245  22.902  23.147   3.787   0.795  19.482   3.753   0.688  16.363   6.432   0.664  13.391   0.310 0 0 0 0 0 1 
1236 57  19182 1551.23 3568.24  -0.21   0.14  21.409  0.017  21.484  20.865  21.505   4.958   0.978  34.482   5.684   0.967   6.261  14.924   0.935  -0.946   0.150 0 0 0 0 0 1 
1236 57 107677 1702.07 2081.21   0.03  -0.08  21.186  0.017  21.238  21.072  21.191   2.861   0.963  65.784   2.288   0.952  76.733   2.716   0.936 -88.467   0.310 0 0 0 0 0 1 
1236 57  12632  685.97 3697.27  -0.02   0.29  23.130  0.026  23.129  22.756     nan   3.894   0.921  47.604   3.890   0.910  36.005   7.083   0.915  19.372   0.000 0 0 0 1061960728709396 0 1 
1236 57  46769 1000.38 3725.72  -0.09  -0.02  22.393  0.020  22.435  22.209  22.371   3.176   0.900 -30.547   2.939   0.763 -30.464   4.232   0.675 -29.449   0.192 0 0 0 1061960728709436 0 1 
1236 57 108299  761.90 1254.11   0.03  -0.33  21.447  0.017  21.600  21.134  21.534   4.081   0.932  70.534   4.337   0.922  66.879   8.944   0.929  64.384   0.365 0 0 0 1061960728707874 0 1 
1236 57 105214 1832.85 2862.85  -0.21  -0.38  21.682  0.017  22.438  21.657  22.277   4.448   0.945 -25.912   5.585   0.838 -42.572  19.277   0.635 -41.342   0.977 0 0 0 0 3 1 
1236 57  86980  543.92 2054.82   0.06  -0.10  21.068  0.016  21.080  20.581  21.067   4.465   0.966  32.400   4.928   0.954  15.888  10.888   0.950   0.443   0.028 0 0 0 0 0 1 
1236 57 154575 1255.51 1274.96   0.07   0.14  22.499  0.020  22.499  22.015  22.477   4.136   0.942  39.468   4.265   0.945  29.599   9.118   0.947  16.136   0.000 0 0 0 0 0 1 
1236 57  88531 2017.32  262.78   0.68   0.22  22.982  0.025  22.982  22.600     nan   3.785   0.905  36.431   3.763   0.841  37.739   7.174   0.769  40.434   0.000 0 0 0 0 0 1 
1236 57    902  446.77 3987.53   0.05  -0.04  20.972  0.016  21.085  20.510  21.056   4.737   0.996 -43.595   5.473   0.971 -32.989  13.568   0.942 -39.488   0.233 0 0 0 0 0 1 
1236 57 191287 1068.34  328.28  -0.24  -0.11  22.277  0.019  22.276  21.806     nan   4.127   0.965  43.305   4.280   0.959  48.058   9.057   0.950  65.953   0.000 0 0 0 0 0 1 
1236 57 154169 1516.67 2928.56   0.04  -0.03  22.241  0.019  22.251  22.098  22.216   2.817   0.984  47.586   2.186   0.992 -15.698   2.598   0.940 -46.314   0.071 0 0 0 0 0 1 
1236 57 115026 1852.99 3892.96   0.04  -0.05  19.980  0.016  20.062  19.679  20.005   3.939   0.993  17.999   4.183   0.988 -23.757   7.735   0.977 -36.252   0.233 0 0 0 1061960728709541 0 1 
1236 57   6374  450.86 1300.27  -0.11  -0.13  22.682  0.022  22.682  22.457  22.671   3.312   0.877  18.563   2.955   0.798  14.188   4.105   0.773  13.323   0.000 0 0 0 0 0 1 
1236 57 149432 1787.28 3849.05  -0.02   0.04  21.874  0.018  21.883  21.415  21.885   4.289   0.929  89.476   4.641   0.898 -89.673  10.053   0.848 -85.944   0.022 0 0 0 1061960728709517 0 1 
1236 57 147237 2018.45  382.73  -0.45   0.27  22.422  0.019  22.731  22.163  22.795   4.177   0.908  72.358   4.629   0.878  69.405  11.012   0.858  66.591   0.600 0 0 0 0 0 1 
1236 57 103290 1805.64 2184.88  -0.32   0.36  23.218  0.032  23.218  23.190  23.217   2.359   0.918  47.713   1.394   0.838  46.565   1.105   0.802  47.373   0.000 0 0 0 1061960728708441 0 1 
1236 57 170157 1540.10 3113.59  -0.04   0.72     nan    nan     nan     nan     nan   3.223   0.959  71.605     nan     nan     nan     nan     nan     nan     nan 0 0 0 0 0 1 
1236 57  91918 1579.20 1968.46   0.02  -0.06  20.897  0.016  20.960  20.498  20.924   4.193   0.993  83.924   4.571   0.979 -84.944   9.576   0.970 -81.205   0.155 0 0 0 0 2 1 
1236 57  23840  753.47 1710.70  -1.00  -1.00  -1.000 -1.000  -1.000  -1.000  -1.000  -1.000  -1.000  -1.000  -1.000  -1.000  -1.000  -1.000  -1.000  -1.000  -1.000 -1 -1 -1 -1 -1 -1 
