# Visit  CCD  FakeID  FakeX  FakeY   DiffX   DiffY   CmodMag   CmodErr  ExpMag  DevMag  KronMag  SdssR  SdssBa  SdssPa  ExpR  ExpBa  ExpPa  DevR  DevBa  DevPa  fracDev  SdssMiter ExpMiter DevMiter parentID  nChild  extended
1236 64 116685  281.34 2190.02  -0.14  -0.26  23.034  0.034  23.034  22.959  23.016   2.791   0.958  81.816   2.024   0.945 -79.349   1.909   0.964 -81.782   0.000 0 0 0 0 0 1 
1236 64  29377  609.49 3755.03   0.03  -0.15  21.000  0.025  20.999  20.482  21.011   4.694   0.982  14.320   5.289   0.956  -0.972  12.258   0.919  -3.132   0.000 0 0 0 0 0 1 
1236 64 130459 1843.14  418.08  -0.04  -0.05  21.819  0.025  22.043  21.695  21.996   3.136   0.966  28.795   2.639   0.944   3.211   5.230   0.651 -25.470   0.663 0 0 0 0 2 1 
1236 64 167926 1603.79  938.76  -0.11  -0.21  23.150  0.036  23.184  23.041     nan   3.224   0.851 -75.138   2.692   0.721 -70.892   3.157   0.661 -67.918   0.234 0 0 0 0 0 1 
1236 64  28880 1521.32 1254.48   0.02  -0.04  20.118  0.024  20.191  19.730  20.158   4.551   0.992 -85.709   5.048   0.983 -52.015  10.659   0.963 -49.189   0.180 0 0 0 0 0 1 
1236 64  58088 2004.15 2751.57  -0.15   0.43  22.568  0.029  22.569  22.406  22.555   2.978   0.947  18.944   2.406   0.893   7.791   2.897   0.875  -6.424   0.000 0 0 0 0 0 1 
1236 64  71791   57.19  161.76   0.13   0.06  20.455  0.025  21.372  20.456     nan  18.226   0.587 -68.990  14.641   0.737 -51.606  51.012   0.731 -50.515   1.000 0 0 0 1061990793478203 0 1 
1236 64 189496 1694.76 1725.94   0.16  -0.05     nan    nan     nan     nan  21.593   5.290   0.957  12.251     nan     nan     nan     nan     nan     nan     nan 1 0 0 1061990793479161 0 1 
1236 64  64119 1397.62 3258.72  -0.05  -0.08  21.182  0.025  21.194  21.052  21.155   2.866   0.947  59.691   2.209   0.946  65.217   2.493   0.932  75.254   0.087 0 0 0 0 2 1 
1236 64  54528  653.42  608.02  -0.04  -0.03  21.973  0.026  21.999  21.706  21.957   3.486   0.960  11.204   3.281   0.917  -4.631   5.170   0.896  -9.663   0.099 0 0 0 0 0 1 
1236 64 163164 1408.40 1217.83   0.01  -0.10  20.394  0.024  20.460  20.105  20.423   3.841   0.995  49.291   3.928   0.975 -25.612   6.951   0.952 -26.067   0.201 0 0 0 1061990793478894 0 1 
1236 64 163144 1942.03 1722.83   0.08  -0.03  21.960  0.026  21.983  21.791  21.929   3.090   0.925  38.546   2.564   0.892  27.097   3.232   0.891  20.495   0.119 0 0 0 0 0 1 
1236 64 111723  865.24 2797.12  -1.00  -1.00  -1.000 -1.000  -1.000  -1.000  -1.000  -1.000  -1.000  -1.000  -1.000  -1.000  -1.000  -1.000  -1.000  -1.000  -1.000 -1 -1 -1 -1 -1 -1 
1236 64 188934  217.78 2472.23  -0.03  -0.46  23.084  0.032  23.083  22.625     nan   4.374   0.861   2.735   4.527   0.778   3.164   9.703   0.712   4.330   0.000 0 0 0 0 0 1 
1236 64 160920 1782.05 2792.46   0.06  -0.12  21.652  0.025  21.766  21.149  21.818   5.212   0.912 -57.088   5.985   0.873 -55.013  15.596   0.841 -54.809   0.225 0 0 0 0 0 1 
1236 64 111939  361.18  265.41   0.15  -0.02  22.614  0.029  22.613  22.339  22.611   3.533   0.955 -20.089   3.277   0.902 -21.065   5.068   0.893 -21.680   0.000 0 0 0 1061990793478294 0 1 
1236 64 160119   98.84 1149.29   0.04  -0.70     nan    nan     nan     nan  21.928   5.483   0.682  70.592     nan     nan     nan     nan     nan     nan     nan 0 0 0 1061990793478832 0 1 
1236 64 134117  227.57  323.79  -0.24   0.61     nan    nan     nan     nan     nan   3.053   0.962 -80.203     nan     nan     nan     nan     nan     nan     nan 0 0 0 0 0 1 
1236 64  10982  191.10 3450.08  -1.00  -1.00  -1.000 -1.000  -1.000  -1.000  -1.000  -1.000  -1.000  -1.000  -1.000  -1.000  -1.000  -1.000  -1.000  -1.000  -1.000 -1 -1 -1 -1 -1 -1 
1236 64 180277 1815.08 3448.19   0.40  -0.61  22.301  0.027  22.301  21.940  22.288   4.255   0.834 -65.775   4.377   0.759 -61.072   8.223   0.682 -57.964   0.000 0 0 0 1061990793480202 0 1 
1236 64 159581 1778.54 3596.49   0.11   0.15  22.165  0.027  22.236  21.963  22.149   3.276   0.943  71.166   2.965   0.930  82.530   4.442   0.918 -78.665   0.275 0 0 0 1061990793480289 0 1 
1236 64 201000 1409.30 2162.54   1.63  -0.22  21.756  0.025  21.756  21.108  21.772   5.468   0.715 -13.155   6.494   0.623 -13.735  18.482   0.554 -13.901   0.000 0 0 0 0 0 1 
1236 64  96693  649.23  404.14   0.03  -0.05  21.971  0.026  22.149  21.778  22.003   3.608   0.965   8.062   3.566   0.906  -8.264   6.550   0.830 -16.262   0.511 0 0 0 0 0 1 
1236 64   7654 1962.83 3339.10  -1.00  -1.00  -1.000 -1.000  -1.000  -1.000  -1.000  -1.000  -1.000  -1.000  -1.000  -1.000  -1.000  -1.000  -1.000  -1.000  -1.000 -1 -1 -1 -1 -1 -1 
1236 64 113106 1626.79 2980.32  -0.17  -0.25  20.873  0.025  20.872  20.257  20.850   5.476   0.843  69.168   6.314   0.833  70.160  16.494   0.817  70.848   0.000 0 0 0 1061990793479917 0 1 
1236 64  17934  417.89 3238.36  -0.23  -0.25     nan    nan     nan     nan     nan   5.956   0.427 -29.902     nan     nan     nan     nan     nan     nan     nan 0 0 0 0 0 1 
1236 64  98881  857.61 1910.59  -0.06   0.06  23.037  0.034  23.036  22.902  23.051   2.881   0.916  10.140   2.232   0.805  -1.311   2.394   0.863  -8.409   0.000 0 0 0 0 0 1 
1236 64  48270 1365.46 3798.82   0.33  -0.20  23.084  0.034  23.083  22.882  23.068   3.144   0.943 -73.079   2.628   0.890 -64.262   3.359   0.913 -54.890   0.001 0 0 0 0 0 1 
1236 64 107637 1782.00  969.57   0.05   0.11  22.900  0.031  22.900  22.586  22.822   3.618   0.955 -60.384   3.514   0.855 -47.752   6.023   0.763 -43.361   0.000 0 0 0 0 0 1 
1236 64 152619  430.63 1853.73  -0.05   0.20  22.640  0.028  22.639  22.139  22.614   4.803   0.823 -42.021   5.171   0.744 -39.619  11.717   0.688 -39.292   0.000 0 0 0 0 0 1 
1236 64  84182 1395.05 2188.98  -0.06  -0.21  21.476  0.025  21.501  20.996  21.482   4.555   0.919  57.106   4.926   0.923  59.304  10.818   0.936  67.639   0.060 0 0 0 0 0 1 
1236 64   5679  861.40 1315.57   0.00   0.11  22.441  0.027  22.445  21.975     nan   4.214   0.915  -7.965   4.565   0.814 -11.801  10.016   0.730 -13.016   0.012 0 0 0 0 0 1 
1236 64  92777 1101.37 3519.15  -1.00  -1.00  -1.000 -1.000  -1.000  -1.000  -1.000  -1.000  -1.000  -1.000  -1.000  -1.000  -1.000  -1.000  -1.000  -1.000  -1.000 -1 -1 -1 -1 -1 -1 
1236 64 106678  816.42 3888.02  -0.04   0.00  22.265  0.027  22.325  22.103  22.217   3.155   0.906  89.550   2.784   0.824 -86.551   3.840   0.779 -88.318   0.286 0 0 0 0 0 1 
1236 64 102060  713.70 2789.23  -0.08  -0.06  21.420  0.025  21.433  21.224  21.395   3.042   0.977  84.516   2.571   0.956 -56.797   3.429   0.925 -49.720   0.070 0 0 0 1061990793479790 0 1 
1236 64 153297  394.14 1624.12   0.05  -0.14  21.557  0.025  21.561  21.022  21.511   4.521   0.974  43.433   5.035   0.944  24.842  11.934   0.903  21.371   0.010 0 0 0 0 0 1 
1236 64 197121  314.89  996.49  -1.00  -1.00  -1.000 -1.000  -1.000  -1.000  -1.000  -1.000  -1.000  -1.000  -1.000  -1.000  -1.000  -1.000  -1.000  -1.000  -1.000 -1 -1 -1 -1 -1 -1 
1236 64 177915 1465.47 3875.69  -0.01  -0.28  22.948  0.031  22.947  22.600  24.549   3.862   0.807  57.174   3.829   0.722  59.839   6.779   0.676  62.621   0.000 0 0 0 0 0 1 
1236 64  10899  857.05 4142.86  -0.05   0.14  21.708  0.025  22.106  21.683  21.861   3.402   0.880  42.392   3.472   0.768  36.594   7.355   0.586  32.375   0.950 0 0 0 0 2 1 
1236 64  46567  583.07 1864.82  -1.00  -1.00  -1.000 -1.000  -1.000  -1.000  -1.000  -1.000  -1.000  -1.000  -1.000  -1.000  -1.000  -1.000  -1.000  -1.000  -1.000 -1 -1 -1 -1 -1 -1 
1236 64 130792   75.44 2229.77  -0.00  -0.10  20.547  0.024  20.546  20.126  20.524   4.136   0.993 -83.206   4.365   0.982 -32.497   8.619   0.965 -31.417   0.000 0 0 0 1061990793479501 0 1 
1236 64  74749  205.73 1659.96   0.05  -0.09     nan    nan     nan     nan     nan   3.190   0.943   5.541     nan     nan     nan     nan     nan     nan     nan 0 0 0 0 0 1 
1236 64  51500 1090.03  837.17  -0.07  -0.07  21.405  0.025  21.519  21.152  21.446   3.801   0.930  33.115   3.856   0.887  24.682   6.934   0.855  22.871   0.337 0 0 0 0 0 1 
1236 64  85027  302.12 3902.85   0.10  -0.11  20.971  0.025  20.970  20.521  20.949   4.319   0.966 -69.348   4.642   0.948 -62.185   9.643   0.935 -60.143   0.000 0 0 0 0 0 1 
1236 64 170877  597.78  514.47   1.22   0.84  22.240  0.026  22.335  21.642  22.302   6.099   0.588  67.866   7.493   0.502  67.757  22.042   0.455  68.297   0.175 0 0 0 1061990793478453 0 1 
1236 64  18797 1525.29 2600.24   0.47  -0.71  22.386  0.026  22.828  22.144  22.758   5.300   0.842 -86.020   6.169   0.784 -79.544  17.187   0.750 -76.877   0.708 0 0 0 0 0 1 
1236 64  73663   20.73  550.17   0.27  -0.17  22.448  0.028  22.448  22.436     nan   2.860   0.924  53.283   2.097   0.880  42.289   1.699   0.886  38.236   0.000 0 0 0 0 0 1 
1236 64 118059  626.98 4150.53  -0.03   1.53     nan    nan     nan     nan  23.549   2.165   0.895  57.831     nan     nan     nan     nan     nan     nan     nan 0 0 0 1061990793480642 0 1 
1236 64 149304  918.97 1960.33  -0.01   0.19  22.023  0.025  22.237  21.740  22.096   4.337   0.862  62.106   4.775   0.820  61.039  10.525   0.783  58.151   0.475 0 0 0 1061990793479313 0 1 
1236 64  77662 1141.23 1801.01   0.13   0.11  22.394  0.027  22.811  22.394  22.567   3.294   0.937  17.215   3.203   0.857  -6.478   6.316   0.751 -24.031   1.000 0 0 0 0 2 1 
