# Visit  CCD  FakeID  FakeX  FakeY   DiffX   DiffY   CmodMag   CmodErr  ExpMag  DevMag  KronMag  SdssR  SdssBa  SdssPa  ExpR  ExpBa  ExpPa  DevR  DevBa  DevPa  fracDev  SdssMiter ExpMiter DevMiter parentID  nChild  extended
1236 50  98530  530.63 2872.57  -0.06  -0.10  21.654  0.018  21.769  21.141  21.812   5.522   0.791  71.287   6.410   0.757  71.598  16.815   0.746  73.368   0.224 0 0 0 0 0 1 
1236 50  22637  208.04 1005.52  -0.16  -0.08  21.327  0.018  21.409  20.897  21.379   4.504   0.964 -53.795   4.956   0.956 -41.704  11.139   0.941 -35.251   0.188 0 0 0 0 0 1 
1236 50 186203  149.23 3418.16  -0.14  -0.68  22.845  0.025  22.844  22.621  22.888   3.944   0.703 -45.120   3.873   0.521 -43.289   5.810   0.435 -41.743   0.000 0 0 0 1061930663938124 0 1 
1236 50 187188  441.19 1111.46   0.19   0.00  22.315  0.021  22.422  22.141  22.361   3.243   0.938  71.169   3.036   0.877  71.868   4.684   0.836  77.111   0.399 0 0 0 1061930663936738 0 1 
1236 50   8179 1768.29 3640.45   0.08   0.12  21.546  0.019  21.642  21.122  21.547   4.434   0.911  89.864   4.839   0.896 -85.451  10.840   0.904 -77.113   0.214 0 0 0 1061930663938263 0 1 
1236 50 133922   59.04 2850.65   0.01  -0.08  21.141  0.018  21.149  20.856  21.143   3.443   0.977 -22.012   3.323   0.947 -19.846   5.263   0.925 -20.214   0.030 0 0 0 0 0 1 
1236 50 197245 1564.00  679.70  -0.26  -0.23  22.034  0.019  22.533  21.886  22.115   4.589   0.872  39.994   5.598   0.784  35.876  14.918   0.745  33.200   0.814 0 0 0 1061930663936473 0 1 
1236 50 192896  180.57 2553.62   0.18  -0.04  21.969  0.019  22.075  21.713  21.970   3.509   0.956  63.487   3.434   0.933  53.387   6.239   0.864  42.529   0.316 0 0 0 0 0 1 
1236 50  96997 1426.21 2190.78  -0.15  -0.25     nan    nan     nan     nan  20.494   4.483   0.991  68.693     nan     nan     nan     nan     nan     nan     nan 0 0 0 1061930663937436 0 1 
1236 50  14257 1089.14 1261.51  -0.10   0.12  22.926  0.025  22.926  22.509  24.834   3.793   0.887 -17.075   3.780   0.839 -11.155   7.284   0.853  -4.779   0.000 0 0 0 0 0 1 
1236 50  85801  850.52 3484.92   0.08   0.05  20.528  0.018  20.736  20.213  20.667   4.961   0.854  84.998   5.779   0.807  88.008  13.188   0.790  88.695   0.442 0 0 0 1061930663938163 0 1 
1236 50 140809  868.07 2666.97  -0.02   0.01  22.416  0.021  22.416  22.014  22.443   3.843   0.894 -85.093   3.847   0.838 -83.920   7.328   0.834 -75.311   0.000 0 0 0 0 2 1 
1236 50  85671  454.56 2803.75   0.11  -0.20  22.947  0.025  22.946  22.447     nan   4.077   0.902  58.801   4.245   0.894  73.362   9.327   0.878  88.513   0.000 0 0 0 0 0 1 
1236 50   5359 1042.44 2670.30  -0.06   0.27  22.712  0.023  22.712  22.366     nan   3.715   0.967  58.548   3.523   0.964  75.603   6.289   0.907  88.370   0.000 0 0 0 0 0 1 
1236 50 171389 1468.78  499.80   0.24   0.14  21.371  0.018  21.431  20.921  21.397   4.552   0.978 -79.930   5.173   0.956 -57.330  11.955   0.903 -52.342   0.139 0 0 0 1061930663936364 0 1 
1236 50  28621  158.41 3424.84  -0.55  -0.65  22.198  0.020  22.198  21.692  22.223   4.570   0.798   7.240   4.945   0.724   8.132  11.145   0.692  10.430   0.000 0 0 0 1061930663938124 0 1 
1236 50  14450  802.19  655.90   0.09  -0.13  21.585  0.019  21.825  21.422  21.703   3.597   0.946 -16.656   3.954   0.814 -22.214   7.988   0.676 -21.153   0.625 0 0 0 0 2 1 
1236 50  76316 1884.80 3977.69   0.23   0.15  22.974  0.028  22.974  22.860  23.044   2.973   0.880  75.494   2.422   0.772  73.133   2.746   0.662  60.433   0.000 0 0 0 0 0 1 
1236 50 190639  368.04 3677.97   0.03  -0.15  22.099  0.019  22.098  21.682  22.066   3.897   0.982 -73.502   3.979   0.972 -55.434   7.781   0.968 -55.756   0.000 0 0 0 0 0 1 
1236 50  90802 1653.72 2208.02   0.00  -0.09  22.218  0.020  22.518  21.998  22.350   4.137   0.909  46.898   4.648   0.834  42.426  10.623   0.773  38.435   0.624 0 0 0 0 0 1 
1236 50 108846 1101.84   20.85   0.16   0.15     nan    nan     nan     nan     nan   4.320   0.976   6.095     nan     nan     nan     nan     nan     nan     nan 0 0 0 0 2 1 
1236 50 118756  770.72  160.40  -0.07   0.07  20.800  0.018  20.856  20.374  20.828   4.439   0.962 -62.243   4.867   0.961 -52.280  10.496   0.957 -40.657   0.134 0 0 0 0 0 1 
1236 50 176296 1514.65 2413.38   0.17  -0.27  21.968  0.019  22.218  21.648  22.153   4.241   0.995 -67.984   4.818   0.954 -69.072  11.779   0.904 -68.925   0.494 0 0 0 0 0 1 
1236 50  26788 1987.51  702.59  -0.12  -0.12  22.506  0.022  22.506  22.352  22.537   2.844   0.993  51.322   2.294   0.959 -61.606   2.751   0.906 -63.517   0.000 0 0 0 0 0 1 
1236 50  76063 1182.22 2757.13   0.09  -0.11  21.066  0.018  21.067  20.542  21.056   4.531   0.979 -40.612   5.073   0.958 -30.434  11.722   0.939 -33.153   0.003 0 0 0 0 0 1 
1236 50 144991 1903.08 1234.99  -0.05   0.16  23.248  0.030  23.248  22.918     nan   3.753   0.835 -28.429   3.795   0.687 -25.323   6.762   0.598 -22.481   0.000 0 0 0 0 0 1 
1236 50  11658  182.05 1780.21   0.08  -0.00  21.538  0.018  21.537  20.983  21.507   4.634   0.980  27.442   5.231   0.951  15.214  12.676   0.920   9.113   0.000 0 0 0 0 0 1 
1236 50 111647  924.68 3351.98  -0.04  -0.02  21.938  0.019  21.941  21.636  21.901   3.558   0.915  89.965   3.424   0.872 -87.822   5.608   0.832 -88.301   0.011 0 0 0 0 0 1 
1236 50  37335 1513.69  828.80  -0.18  -0.17  20.073  0.018  20.072  19.672  20.056   4.330   0.912  38.410   4.677   0.889  36.190   9.015   0.874  33.385   0.000 0 0 0 0 0 1 
1236 50  67691 1728.58 4116.63  -0.03  -0.16  22.718  0.025  22.733  22.595  22.691   2.901   0.904  50.958   2.263   0.840  44.416   2.605   0.778  37.033   0.108 0 0 0 0 0 1 
1236 50 133305  626.55 3546.47   0.59  -0.35     nan    nan     nan     nan     nan   3.104   0.930  71.424     nan     nan     nan     nan     nan     nan     nan 0 0 0 0 2 1 
1236 50 189752  841.00 1773.96  -0.07  -0.13  21.458  0.018  21.458  21.030  21.457   4.083   0.981   6.175   4.298   0.950   2.894   8.631   0.934   2.366   0.000 0 0 0 0 0 1 
1236 50 105594  988.52 1981.45  -0.01  -0.06  20.473  0.018  20.504  20.313  20.462   3.006   0.977  64.912   2.510   0.989  68.217   3.153   0.991  86.754   0.166 0 0 0 0 2 1 
1236 50  56565  323.28 1436.99   0.41  -0.26  22.668  0.023  22.792  22.383  22.696   4.066   0.879 -28.119   4.104   0.844 -26.685   7.746   0.847 -24.270   0.334 0 0 0 0 0 1 
1236 50 188518  424.07  695.21   0.15  -0.07  22.239  0.020  22.239  21.667  24.077   4.573   0.948  53.289   5.000   0.938  64.112  12.231   0.920  76.056   0.000 0 0 0 0 0 1 
1236 50  82510 1792.33   76.45  -0.17   0.05  22.123  0.019  22.123  21.671  22.168   4.193   0.927 -26.695   4.443   0.894 -25.232   9.254   0.869 -21.019   0.000 0 0 0 0 0 1 
1236 50  73194 1793.21 2146.04  -0.57  -0.25  22.954  0.026  22.954  22.705  22.956   3.198   0.924  53.746   2.728   0.929  61.764   3.961   0.907  79.763   0.000 0 0 0 1061930663937332 0 1 
1236 50  86475 1508.61 1482.20  -0.19  -0.10  22.497  0.022  22.551  22.267  22.460   3.109   0.965 -33.758   2.744   0.941 -37.099   4.144   0.953 -25.184   0.206 0 0 0 0 0 1 
1236 50  27278   41.68  820.27   0.32  -0.27  21.986  0.019  22.035  21.588  22.054   4.154   0.882  57.350   4.440   0.825  59.475   9.143   0.792  62.220   0.126 0 0 0 0 0 1 
1236 50  42791 1742.29 1634.43  -0.06   0.00  22.215  0.020  22.214  21.684     nan   4.529   0.950 -35.150   4.909   0.923 -26.711  11.547   0.895 -20.063   0.000 0 0 0 0 0 1 
1236 50  34995  688.02 2738.31  -0.05  -0.14  21.775  0.019  21.927  21.541  21.885   3.610   0.941  79.491   3.490   0.932  88.500   6.277   0.950 -24.929   0.425 0 0 0 0 2 1 
1236 50 113735  990.64 3606.44   0.03  -0.08  21.394  0.018  21.791  21.187  21.548   4.492   0.901  61.185   5.394   0.853  63.339  13.586   0.826  65.295   0.707 0 0 0 1061930663938291 0 1 
1236 50 122274 2015.06 1550.77  -0.06   0.23  21.706  0.019  21.760  21.305  21.735   4.115   0.927  75.381   4.376   0.898  79.724   9.023   0.884  83.078   0.135 0 0 0 0 0 1 
1236 50  57575 1455.56 3562.94   0.36  -0.07  22.202  0.020  22.202  21.602     nan   4.646   0.929  83.397   5.163   0.918  85.273  12.983   0.918 -87.713   0.000 0 0 0 0 0 1 
1236 50 149717 1225.05 1495.46  -0.38  -0.46  22.536  0.021  22.535  22.100  22.574   4.284   0.863  67.495   4.353   0.841  64.854   8.856   0.830  59.970   0.000 0 0 0 0 0 1 
1236 50    278  401.00 2275.62   0.02  -0.13  21.257  0.018  21.322  20.959  21.280   3.896   0.931  78.480   3.997   0.896  79.429   7.232   0.860  83.597   0.197 0 0 0 0 0 1 
1236 50  78870 1083.86 4009.87  -0.37  -0.11  22.815  0.025  22.815  22.550  22.840   3.458   0.903  23.772   3.208   0.831  22.480   4.956   0.770  25.433   0.000 0 0 0 0 0 1 
1236 50 153277  696.41 2471.92  -0.51   0.20  22.665  0.022  22.684  22.173  22.664   4.998   0.688 -35.662   5.661   0.576 -34.278  13.367   0.495 -34.323   0.047 0 0 0 0 0 1 
1236 50 104452   29.50 1538.71   0.50   0.29  20.695  0.018  20.695  20.182  20.689   4.566   0.974  32.783   5.102   0.971  25.318  11.511   0.973   9.691   0.002 0 0 0 0 0 1 
1236 50  22384 1123.24  746.79  -0.03  -0.14  22.141  0.020  22.154  21.857  22.120   3.535   0.904   6.811   3.411   0.828   1.908   5.492   0.789  -3.081   0.048 0 0 0 0 0 1 
