# Visit  CCD  FakeID  FakeX  FakeY   DiffX   DiffY   CmodMag   CmodErr  ExpMag  DevMag  KronMag  SdssR  SdssBa  SdssPa  ExpR  ExpBa  ExpPa  DevR  DevBa  DevPa  fracDev  SdssMiter ExpMiter DevMiter parentID  nChild  extended
1236 64 176125  230.78 3028.96   0.18  -0.11  22.595  0.028  22.594  22.103  22.618   4.725   0.874  26.684   4.958   0.850  22.302  10.849   0.835  16.952   0.000 0 0 0 0 0 1 
1236 64 175164 1478.63 2694.85  -0.01  -0.12  21.292  0.025  21.315  20.865  21.277   4.108   0.973  86.365   4.289   0.975 -83.109   8.728   0.975 -72.589   0.061 0 0 0 1061990793479731 0 1 
1236 64  21918 1769.45 1811.09  -0.07   0.15  21.232  0.024  21.232  20.631  21.215   4.880   0.970  -8.260   5.608   0.941 -11.805  14.305   0.924 -11.868   0.000 0 0 0 0 0 1 
1236 64  74151 1567.70 1390.13  -1.00  -1.00  -1.000 -1.000  -1.000  -1.000  -1.000  -1.000  -1.000  -1.000  -1.000  -1.000  -1.000  -1.000  -1.000  -1.000  -1.000 -1 -1 -1 -1 -1 -1 
1236 64 150097 1688.89 2471.11   0.25  -0.57  22.387  0.027  22.386  22.019  22.396   3.855   0.892 -45.183   3.836   0.828 -41.359   6.919   0.810 -34.300   0.000 0 0 0 0 0 1 
1236 64 111706 1409.64 3935.74   0.22  -0.14  22.811  0.030  22.867  22.567  22.885   3.481   0.933  57.354   3.277   0.946  52.277   5.160   0.950  80.355   0.198 0 0 0 1061990793480509 0 1 
1236 64 128623 1697.11 3440.98   0.17   0.30  23.301  0.036  23.450  23.033     nan   3.998   0.832 -16.118   4.076   0.716 -14.090   8.053   0.650 -14.637   0.395 0 0 0 0 0 1 
1236 64 122528  441.83  412.71  -1.00  -1.00  -1.000 -1.000  -1.000  -1.000  -1.000  -1.000  -1.000  -1.000  -1.000  -1.000  -1.000  -1.000  -1.000  -1.000  -1.000 -1 -1 -1 -1 -1 -1 
1236 64 136050  969.31 2471.46  -0.04  -0.02  21.197  0.024  21.236  20.910  21.207   3.753   0.949  70.086   3.679   0.953  77.494   6.101   0.963 -87.980   0.130 0 0 0 0 0 1 
1236 64 142883  338.65 2719.87  -0.00  -0.22  22.116  0.026  22.116  21.710  22.110   3.966   0.979 -89.838   3.973   0.982 -48.974   7.677   0.960 -15.196   0.000 0 0 0 0 0 1 
1236 64 103725  169.38 3872.51  -0.43  -0.17  23.010  0.032  23.010  22.832     nan   3.536   0.852 -10.394   3.249   0.713 -14.318   4.574   0.571 -16.483   0.000 0 0 0 0 0 1 
1236 64 190002  671.21 3364.16  -0.01  -0.03  20.559  0.024  20.565  20.078  20.550   4.620   0.978   5.423   5.151   0.962  -2.580  11.342   0.944 -10.693   0.015 0 0 0 0 0 1 
1236 64  75236 1968.33 1775.25  -0.02   0.13  21.558  0.025  21.787  21.215  21.676   4.429   0.941 -69.337   5.002   0.911 -69.932  12.137   0.884 -72.527   0.453 0 0 0 0 2 1 
1236 64  42141  828.45 2218.18  -0.03  -0.15  22.518  0.027  22.690  22.235  22.745   4.212   0.800  -8.715   4.574   0.679  -7.936   9.667   0.613  -7.198   0.421 0 0 0 0 0 1 
1236 64  17589 1641.79 1105.53  -0.13  -0.08  21.845  0.025  21.845  21.459  24.135   3.927   0.951  42.819   3.881   0.945  32.106   7.133   0.952  34.211   0.000 0 0 0 1061990793478802 0 1 
1236 64 143125 1993.43 2432.36  -0.03  -0.15  22.591  0.027  22.592  22.035     nan   4.672   0.891  42.769   5.118   0.839  35.148  12.474   0.785  31.054   0.000 0 0 0 0 0 1 
1236 64 112438 1428.51 2249.80  -0.13  -0.11  22.454  0.027  22.453  22.135  22.498   3.571   0.978 -74.806   3.344   0.970 -39.637   5.530   0.958 -23.568   0.000 0 0 0 0 0 1 
1236 64 191627  312.21 2484.46   0.08  -0.07  22.606  0.028  22.605  22.388  23.386   3.246   0.936  16.853   2.819   0.888  11.168   3.887   0.866  21.650   0.000 0 0 0 0 0 1 
1236 64  13445  301.45 1425.70   0.17   0.05  22.183  0.026  22.330  21.826  22.223   4.096   0.981 -72.599   4.314   0.972 -62.119   9.350   0.979 -59.323   0.332 0 0 0 0 0 1 
1236 64  39446 1296.18 3252.03  -0.17  -0.28  22.916  0.031  22.915  22.651  24.764   3.701   0.826  67.014   3.455   0.753  66.766   5.360   0.700  64.500   0.000 0 0 0 0 0 1 
1236 64  66044 1333.63 3432.64   0.08  -0.02  23.106  0.033  23.105  22.709     nan   3.889   0.892  67.163   3.746   0.885  71.968   6.950   0.898  75.592   0.000 0 0 0 0 0 1 
1236 64 110255  946.41  718.75   0.04  -0.25  22.570  0.028  22.570  22.259  22.558   3.818   0.855  82.967   3.678   0.781  85.116   6.194   0.726  85.831   0.000 0 0 0 0 0 1 
1236 64 144549  203.15 3489.35  -1.00  -1.00  -1.000 -1.000  -1.000  -1.000  -1.000  -1.000  -1.000  -1.000  -1.000  -1.000  -1.000  -1.000  -1.000  -1.000  -1.000 -1 -1 -1 -1 -1 -1 
1236 64  15869 1398.88 3262.66   0.05   0.17  22.585  0.028  22.585  22.108  23.665   4.398   0.878  77.851   4.710   0.805  81.310  10.633   0.715  81.859   0.000 0 0 0 1061990793480111 0 1 
1236 64  60690  938.58  413.56  -0.20   0.67  22.252  0.026  22.252  21.642  22.174   4.920   0.892 -61.500   5.554   0.843 -53.169  14.335   0.813 -49.834   0.000 0 0 0 0 0 1 
1236 64 199917  744.85 3980.96   0.08  -0.17  22.584  0.027  22.678  22.029  22.132   4.698   0.876 -39.216   5.253   0.852 -32.152  14.026   0.833 -26.592   0.182 0 0 0 0 0 1 
1236 64 138031   42.14  988.68  -0.14   0.32  21.671  0.025  21.707  21.373  21.680   3.741   0.940  62.134   3.767   0.886  57.463   6.516   0.841  55.369   0.117 0 0 0 0 0 1 
1236 64  77741  792.79 2833.67   0.01  -0.02  20.029  0.024  20.087  19.596  20.065   4.697   0.987  48.126   5.296   0.992  43.808  11.601   0.991  -8.102   0.136 0 0 0 0 0 1 
1236 64 120284 1218.36 3128.75  -0.32  -0.25  21.349  0.025  21.504  20.918  21.455   4.841   0.938 -74.712   5.519   0.916 -62.666  13.803   0.891 -63.410   0.310 0 0 0 1061990793480002 0 1 
1236 64  37309 1067.55 4061.45  -0.13   0.04  21.752  0.025  21.850  21.370  21.824   4.392   0.892  32.295   4.808   0.853  30.205  10.269   0.845  23.276   0.234 0 0 0 1061990793480576 0 1 
1236 64 152801 1132.09 3661.30  -0.44  -0.00  23.015  0.031  23.015  22.494  24.454   4.202   0.851  21.441   4.367   0.832  20.745   9.634   0.849  22.953   0.000 0 0 0 0 0 1 
1236 64 144563  572.97 2952.76  -0.13  -0.12  22.632  0.029  22.709  22.504  22.572   2.896   0.943 -40.063   2.404   0.832 -34.114   3.143   0.805 -29.625   0.384 0 0 0 1061990793479886 0 1 
1236 64  63516 1708.60 3846.12   0.28   0.07  22.587  0.028  22.586  22.116  22.637   3.969   0.951   7.833   4.057   0.938  10.660   8.505   0.930  20.240   0.000 0 0 0 0 0 1 
1236 64 165909  244.72 3985.70   0.08  -0.15  22.242  0.026  22.241  21.833  22.225   3.937   0.942   5.978   4.014   0.907   7.126   7.857   0.864   8.020   0.000 0 0 0 0 0 1 
1236 64  94154 1590.73 4081.04  -0.08   0.04  21.315  0.025  21.384  21.071  21.317   3.445   0.974  71.751   3.269   0.970  85.267   5.319   0.952 -82.995   0.236 0 0 0 1061990793480570 0 1 
1236 64  93522 1888.30  781.11  -0.09  -0.16  22.709  0.030  22.746  22.601  22.720   3.008   0.914  76.274   2.397   0.846  87.898   2.821   0.770 -84.688   0.253 0 0 0 0 0 1 
1236 64  61282  546.49 1904.91   0.19   0.16  21.756  0.025  21.890  21.294  21.857   4.815   0.895  62.084   5.405   0.884  61.638  13.417   0.883  64.902   0.268 0 0 0 0 0 1 
1236 64 134022 1712.31 2718.77  -1.00  -1.00  -1.000 -1.000  -1.000  -1.000  -1.000  -1.000  -1.000  -1.000  -1.000  -1.000  -1.000  -1.000  -1.000  -1.000  -1.000 -1 -1 -1 -1 -1 -1 
1236 64 200428  696.00  598.32   0.19  -0.13  20.974  0.025  20.981  20.419  20.962   5.188   0.887 -50.964   5.951   0.845 -52.616  14.633   0.810 -54.149   0.015 0 0 0 1061990793478507 0 1 
1236 64   7402 1698.11 1407.26  -0.13  -0.32  22.096  0.026  22.096  21.631  22.158   4.246   0.933 -13.675   4.417   0.907 -12.929   9.182   0.920  -8.564   0.000 0 0 0 0 0 1 
1236 64  68321  562.39   65.86  -0.10   0.02  22.672  0.030  22.672  22.534  22.703   3.047   0.924 -87.126   2.418   0.883 -76.651   2.713   0.903 -65.779   0.000 0 0 0 0 0 1 
1236 64  19879  708.50 3703.48  -0.00  -0.10  22.927  0.032  23.019  22.754  23.054   3.418   0.813  48.104   3.109   0.712  46.141   4.486   0.728  43.258   0.365 0 0 0 0 0 1 
1236 64 135073  661.27 2909.14   0.59   0.36  22.609  0.028  22.891  22.448  22.732   3.999   0.930  34.939   4.096   0.932  41.501   8.154   0.918  43.580   0.672 0 0 0 1061990793479881 0 1 
1236 64  74040  151.79 2717.47  -0.03  -0.02  21.696  0.025  21.696  21.536     nan   3.164   0.939  72.015   2.637   0.912  81.571   3.264   0.860  89.860   0.000 0 0 0 0 2 1 
1236 64 150591 1144.82 1986.66  -0.34  -0.05     nan    nan     nan     nan     nan   3.166   0.917 -77.540     nan     nan     nan     nan     nan     nan     nan 0 0 0 0 0 1 
1236 64 175541  140.94   61.62   0.18  -0.19     nan    nan     nan     nan  21.516   4.993   0.962 -11.859     nan     nan     nan     nan     nan     nan     nan 0 0 0 1061990793478204 0 1 
1236 64  52117 1630.49  331.75   0.14   0.19  22.085  0.026  22.101  21.602  22.070   4.392   0.983  62.412   4.602   0.992 -81.547  10.099   0.979 -68.220   0.037 0 0 0 0 0 1 
1236 64  66640 1415.70 4057.09  -0.27   0.05  22.041  0.026  22.435  21.688  22.406   5.200   0.876  26.505   6.365   0.817  24.836  19.097   0.795  22.024   0.605 0 0 0 0 0 1 
1236 64  81304 1229.65 1574.85  -0.00  -0.02  20.751  0.024  20.855  20.359  20.818   4.474   0.973 -82.247   4.922   0.965 -70.212  10.764   0.956 -62.384   0.240 0 0 0 1061990793479089 0 1 
1236 64 199178  597.37 1351.16   0.35   0.03  22.545  0.027  22.739  22.193  22.760   4.634   0.807 -33.047   5.490   0.639 -29.904  13.820   0.515 -28.972   0.408 0 0 0 0 0 1 
