# Visit  CCD  FakeID  FakeX  FakeY   DiffX   DiffY   CmodMag   CmodErr  ExpMag  DevMag  KronMag  SdssR  SdssBa  SdssPa  ExpR  ExpBa  ExpPa  DevR  DevBa  DevPa  fracDev  SdssMiter ExpMiter DevMiter parentID  nChild  extended
1236 41 107318  358.00 1927.93  -0.05   0.03  22.081  0.028  22.135  21.878  22.101   3.255   0.958 -18.535   2.979   0.911 -26.708   4.413   0.872 -27.437   0.221 0 0 0 1061892009231638 0 1 
1236 41  32672   56.53 3472.48   0.04  -0.05  20.745  0.027  20.770  20.280  20.762   4.495   0.983  54.291   4.965   0.987  61.317  10.839   0.988  64.191   0.060 0 0 0 0 0 1 
1236 41 147468 1574.35 2129.72   0.08   0.01  21.560  0.028  21.623  21.294  21.575   3.673   0.946  12.207   3.636   0.929  13.658   6.032   0.941  20.067   0.206 0 0 0 0 0 1 
1236 41 117392 1006.56 1245.15  -0.23  -0.15  23.253  0.035  23.252  22.715     nan   4.533   0.954 -69.614   4.742   0.917 -65.387  10.917   0.909 -65.820   0.000 0 0 0 0 0 1 
1236 41  43237 1452.11 1721.26   0.07  -0.15  22.327  0.029  22.336  21.983  22.306   3.745   0.955  59.303   3.689   0.932  61.469   6.495   0.912  70.133   0.029 0 0 0 0 0 1 
1236 41 174970  180.47  944.51  -0.12  -0.09  22.927  0.032  22.926  22.639  22.968   3.246   0.954 -21.339   2.912   0.911 -25.555   4.541   0.919 -23.043   0.000 0 0 0 0 0 1 
1236 41 168048  204.25 2742.26  -0.15   0.23  22.837  0.031  22.837  22.230  22.901   4.490   0.899  66.567   4.861   0.894  69.955  12.293   0.892  75.574   0.000 0 0 0 0 0 1 
1236 41 101708  727.64 1089.22   0.28   0.09  22.802  0.031  22.898  22.407  22.979   4.183   0.846  28.963   4.428   0.796  29.230   9.543   0.781  31.442   0.228 0 0 0 0 0 1 
1236 41 151607 1526.54 1495.88  -0.10   0.06  21.805  0.028  21.804  21.286  21.781   4.510   0.956  18.342   4.918   0.947  12.097  11.133   0.945   5.696   0.000 0 0 0 0 0 1 
1236 41 139903 1925.55 2320.12  -0.11  -0.06  22.169  0.029  22.171  22.011  22.145   2.933   0.935  41.263   2.387   0.893  45.988   2.897   0.840  56.695   0.019 0 0 0 0 0 1 
1236 41  14360 1254.20 3602.62   0.00  -0.25  22.943  0.033  22.943  22.771  22.964   3.156   0.945  58.003   2.590   0.940  54.525   3.231   0.920  46.671   0.000 0 0 0 0 0 1 
1236 41 128574  336.52 3371.75   0.42  -0.37  22.914  0.033  23.134  22.800  23.056   3.783   0.754  48.244   3.728   0.641  50.812   6.193   0.629  52.322   0.681 0 0 0 1061892009232466 0 1 
1236 41 130087 2011.96 3598.38   0.04  -0.38  21.913  0.027  21.913  21.431  21.931   4.283   0.908  40.923   4.560   0.887  36.939   9.834   0.881  33.179   0.000 0 0 0 0 0 1 
1236 41  87005 1577.54 2342.31   0.08  -0.11  21.167  0.028  21.265  21.020  21.177   3.128   0.956 -41.498   2.851   0.891 -40.450   4.082   0.854 -39.601   0.412 0 0 0 1061892009231902 0 1 
1236 41  11067 1376.95 3972.26   0.17  -0.18  22.258  0.029  22.368  21.950  22.380   3.994   0.900 -82.268   4.122   0.866 -78.126   7.921   0.863 -71.074   0.293 0 0 0 0 0 1 
1236 41 186858 1701.35 1354.54   0.92  -0.01  23.054  0.033  23.054  22.625     nan   4.656   0.741  -7.785   4.986   0.619 -10.302  10.747   0.518 -10.946   0.000 0 0 0 0 0 1 
1236 41  34257 1947.96 2165.22   0.12   0.20  21.718  0.028  21.744  21.128  21.749   4.883   0.957  52.002   5.528   0.945  35.875  14.326   0.925  23.503   0.054 0 0 0 1061892009231811 0 1 
1236 41  28621  639.52 1940.01   0.15  -0.06  22.480  0.030  22.479  22.130  26.561   3.792   0.977 -33.832   3.718   0.949 -29.595   6.629   0.920 -25.503   0.000 0 0 0 0 0 1 
1236 41 100970 1547.48  925.75  -0.24  -0.11  22.790  0.032  22.790  22.513  22.743   3.473   0.914  39.575   3.165   0.903  41.807   4.803   0.910  50.099   0.000 0 0 0 0 0 1 
1236 41 157903 2008.91 3970.28   0.09  -0.28  21.917  0.027  22.038  21.581  22.016   4.084   0.944  64.449   4.354   0.921  70.292   8.909   0.924  78.524   0.299 0 0 0 1061892009232782 0 1 
1236 41  13278 1421.48 2713.54   0.11   0.02  21.556  0.028  21.900  21.142  21.719   5.252   0.930 -53.576   6.483   0.881 -57.495  19.930   0.846 -60.007   0.533 0 0 0 0 0 1 
1236 41  23365 1792.56   50.76  -0.12  -0.48  22.770  0.031  22.770  22.324  22.695   4.584   0.707  63.229   4.884   0.613  62.658  10.223   0.564  59.999   0.000 0 0 0 1061892009230389 0 1 
1236 41  61839 1954.46 3434.00   0.19   0.33  22.804  0.030  22.804  22.272     nan   4.392   0.867  75.859   4.753   0.825  82.200  11.110   0.786  87.587   0.000 0 0 0 0 0 1 
1236 41 155191   47.41 1617.75   0.07  -0.06  19.265  0.027  19.377  18.977  19.347   4.318   0.988  40.567   4.831   0.986  37.477   9.135   0.990  26.924   0.299 0 0 0 0 0 1 
1236 41 112567 1556.97 3707.13  -0.18   0.12  22.348  0.029  22.651  22.240  22.368   3.613   0.920 -48.417   3.584   0.903 -50.656   6.651   0.908 -48.811   0.764 0 0 0 1061892009232640 0 1 
1236 41 112321  203.59 1302.32  -0.06  -0.07  20.942  0.027  20.963  20.750  20.942   3.114   0.970  22.901   2.731   0.949   9.133   3.638   0.943   5.660   0.104 0 0 0 0 0 1 
1236 41  87189 1718.22 4005.91  -0.12  -0.03  22.810  0.032  22.809  22.697  22.832   2.873   0.885  52.482   2.293   0.775  50.655   2.533   0.695  45.387   0.000 0 0 0 0 0 1 
1236 41 141776 1929.27 1796.96   0.23  -0.02  22.979  0.033  22.978  22.807  23.781   3.163   0.929 -33.600   2.743   0.833 -32.954   3.565   0.756 -30.804   0.000 0 0 0 0 0 1 
1236 41  68560 1917.96 1977.86  -0.57   0.39  22.722  0.031  22.722  22.315  22.604   3.911   0.823  41.048   4.047   0.728  40.435   8.131   0.645  42.325   0.000 0 0 0 1061892009231667 0 1 
1236 41 104506 1569.26  268.76   0.46  -0.10  23.241  0.036  23.241  22.869     nan   3.817   0.944  79.160   3.658   0.922  68.377   6.934   0.843  57.041   0.000 0 0 0 0 0 1 
1236 41  19182 1551.23 3568.24  -0.01  -0.15  21.300  0.027  21.495  20.847  21.415   4.889   0.960  33.778   5.721   0.952  44.299  15.283   0.948  48.197   0.357 0 0 0 0 2 1 
1236 41 107677 1702.07 2081.21  -0.12  -0.30     nan    nan     nan     nan  21.143   2.921   0.934  70.522     nan     nan     nan     nan     nan     nan     nan 0 0 0 1061892009231723 0 1 
1236 41  12632  685.97 3697.27   0.22  -0.04  22.591  0.029  22.591  21.914  22.581   4.789   0.928 -30.071   5.375   0.912 -35.483  14.802   0.924 -39.166   0.000 0 0 0 0 0 1 
1236 41  46769 1000.38 3725.72   0.04  -0.20  22.862  0.033  22.862  22.742  22.847   2.736   0.908  67.801   2.059   0.832  70.855   2.195   0.819  60.862   0.000 0 0 0 1061892009232622 0 1 
1236 41 108299  761.90 1254.11   0.09  -0.03  21.694  0.028  21.693  21.278  21.708   3.957   0.975  53.209   4.024   0.977  65.326   7.870   0.963  84.174   0.000 0 0 0 0 0 1 
1236 41 105214 1832.85 2862.85   0.29  -0.23     nan    nan     nan     nan     nan   6.486   0.835  23.077     nan     nan     nan     nan     nan     nan     nan 0 0 0 1061892009232182 0 1 
1236 41  86980  543.92 2054.82  -0.12  -0.03  21.021  0.027  21.039  20.521  21.042   4.563   0.968  39.909   5.057   0.960  27.821  11.543   0.949  12.016   0.044 0 0 0 1061892009231719 0 1 
1236 41 154575 1255.51 1274.96   0.20   0.27  22.540  0.030  22.540  22.090     nan   4.093   0.916  22.373   4.319   0.860  12.466   9.094   0.795   4.973   0.000 0 0 0 0 0 1 
1236 41  88531 2017.32  262.78   0.68   0.22  23.137  0.035  23.137  22.849     nan   3.732   0.836 -27.260   3.617   0.695 -31.240   6.005   0.596 -34.116   0.000 0 0 0 0 0 1 
1236 41    902  446.77 3987.53  -0.01  -0.05  21.120  0.027  21.146  20.599  21.117   4.677   0.972 -39.221   5.296   0.949 -34.753  12.654   0.919 -34.706   0.058 0 0 0 1061892009232801 0 1 
1236 41 191287 1068.34  328.28  -0.11   0.07  22.192  0.029  22.192  21.663  22.243   4.486   0.919 -75.812   4.902   0.890 -70.652  11.270   0.873 -64.507   0.000 0 0 0 0 0 1 
1236 41 154169 1516.67 2928.56   0.10  -0.21  22.079  0.029  22.082  21.893  22.041   3.021   0.926  78.238   2.574   0.860  79.426   3.334   0.812  76.286   0.023 0 0 0 0 0 1 
1236 41 115026 1852.99 3892.96   0.01  -0.09  19.992  0.027  20.038  19.665  20.016   3.914   0.990 -49.942   4.111   0.973 -49.235   7.513   0.951 -45.890   0.135 0 0 0 1061892009232749 0 1 
1236 41   6374  450.86 1300.27  -0.65  -0.13  22.329  0.029  22.427  22.098  22.433   4.120   0.754  35.312   4.236   0.646  35.532   7.325   0.591  35.533   0.319 0 0 0 0 0 1 
1236 41 149432 1787.28 3849.05  -0.02  -0.03  21.715  0.027  21.809  21.287  21.747   4.261   0.963  45.634   4.674   0.951  42.598  10.582   0.939  42.909   0.212 0 0 0 0 0 1 
1236 41 147237 2018.45  382.73  -0.45  -0.73  22.309  0.029  22.828  22.310  22.973   4.237   0.807 -51.855   5.468   0.596 -57.518  13.073   0.469 -57.847   1.000 0 0 0 0 2 1 
1236 41 103290 1805.64 2184.88   0.20  -0.03  21.991  0.028  22.072  21.616  22.061   3.996   0.955  -5.056   4.175   0.925 -17.760   8.908   0.852 -35.688   0.202 0 0 0 0 2 1 
1236 41 170157 1540.10 3113.59  -0.00   0.09     nan    nan     nan     nan     nan   0.289   1.000   0.000     nan     nan     nan     nan     nan     nan     nan 0 0 0 0 0 1 
1236 41  91918 1579.20 1968.46  -0.03  -0.00  20.961  0.028  20.971  20.502  20.940   4.304   0.992 -34.742   4.661   0.995  -6.537   9.885   0.990  43.495   0.025 0 0 0 1061892009231665 0 1 
1236 41  23840  753.47 1710.70  -0.11  -0.08  22.184  0.029  22.251  21.738  22.056   4.070   0.956  65.655   4.341   0.952  61.822   9.585   0.959  40.292   0.153 0 0 0 0 0 1 
