# Visit  CCD  FakeID  FakeX  FakeY   DiffX   DiffY   CmodMag   CmodErr  ExpMag  DevMag  KronMag  SdssR  SdssBa  SdssPa  ExpR  ExpBa  ExpPa  DevR  DevBa  DevPa  fracDev  SdssMiter ExpMiter DevMiter parentID  nChild  extended
1236 48  38878 1540.17 3008.05   0.02   0.45  21.798  0.019  21.798  21.438  21.845   4.024   0.866  85.385   4.036   0.815  89.070   7.346   0.787 -89.674   0.000 0 0 0 0 0 1 
1236 48 138900  933.55 1861.70  -0.10  -0.08  22.032  0.020  22.071  21.617  22.115   4.418   0.927 -57.212   4.650   0.909 -53.799   9.644   0.893 -47.249   0.100 0 0 0 0 0 1 
1236 48  67627 1429.50 1951.78   0.04  -0.24  22.430  0.022  22.438  22.115  22.478   3.587   0.941 -70.239   3.465   0.883 -62.343   5.973   0.804 -61.131   0.028 0 0 0 0 0 1 
1236 48 181461 1782.68 4071.28   0.60   0.12  22.441  0.021  22.440  21.920  22.505   4.809   0.821  -6.287   5.440   0.746  -4.237  12.918   0.685  -1.523   0.000 0 0 0 1061922074003931 0 1 
1236 48 136054 1495.16 2466.12  -0.37  -0.05  20.734  0.018  20.733  20.386  20.739   3.935   0.960 -18.841   4.048   0.919 -20.924   7.184   0.893 -25.606   0.000 0 0 0 0 0 1 
1236 48  46379  136.61 1280.62  -0.05  -0.12  21.981  0.020  21.999  21.727  21.970   3.404   0.919  38.061   3.131   0.873  31.331   4.719   0.859  26.818   0.070 0 0 0 0 0 1 
1236 48 184172 1479.60 1345.86  -0.34  -0.25  22.485  0.023  22.564  22.308  22.486   3.523   0.828  18.854   3.282   0.730  16.570   4.794   0.712  13.800   0.319 0 0 0 0 0 1 
1236 48 128111  430.70 3175.73  -0.13  -0.01  22.760  0.025  22.917  22.590  22.856   3.729   0.892  68.173   3.525   0.859  71.400   5.732   0.874  79.364   0.502 0 0 0 1061922074003408 0 1 
1236 48 201000  685.42  466.85  -0.05   0.05  22.139  0.020  22.139  21.754  23.065   4.143   0.914  87.079   4.231   0.873  89.224   7.934   0.850  89.737   0.000 0 0 0 0 0 1 
1236 48 114097  465.45  600.96  -0.06  -0.07  22.723  0.025  22.807  22.543  22.844   3.445   0.935 -46.821   3.259   0.837 -38.870   5.019   0.752 -37.545   0.335 0 0 0 0 0 1 
1236 48 158600  403.61 1119.32  -0.77  -0.49  22.389  0.021  22.424  21.923  22.414   4.238   0.869  28.403   4.479   0.829  28.278   9.758   0.830  30.530   0.083 0 0 0 0 0 1 
1236 48  19851  288.76 2177.34  -0.01  -0.01  19.627  0.018  19.707  19.243  19.666   4.703   0.985  83.544   5.310   0.990 -80.343  11.227   0.984 -46.191   0.194 0 0 0 0 2 1 
1236 48  47773  774.36 3190.33  -0.26   0.70  23.380  0.033  23.380  22.960  23.405   3.751   0.922  71.572   3.640   0.900  76.197   6.929   0.931  73.367   0.000 0 0 0 1061922074003421 0 1 
1236 48 184255 1185.81 1234.36   0.10  -0.13  21.418  0.019  21.632  21.092  21.563   5.260   0.810 -53.609   6.011   0.763 -53.825  14.051   0.743 -54.325   0.446 0 0 0 0 2 1 
1236 48  95536  656.85 1266.85  -0.10   0.04  21.850  0.020  21.883  21.636  21.851   3.253   0.983  20.287   2.903   0.960 -24.110   4.241   0.911 -44.252   0.142 0 0 0 0 0 1 
1236 48 108555 1098.15  346.54  -0.02  -0.13  21.581  0.019  21.581  21.179  21.590   4.031   0.963  54.150   4.108   0.964  53.857   7.821   0.961  46.330   0.000 0 0 0 0 0 1 
1236 48  79922  571.39 3240.51   0.03  -0.08  21.406  0.019  21.406  21.068  21.382   3.701   0.978  29.023   3.634   0.968   4.276   6.228   0.958  -7.218   0.000 0 0 0 0 0 1 
1236 48 194071  609.76 2865.65  -0.25  -0.12  22.844  0.026  22.844  22.652  22.885   3.129   0.924  89.824   2.720   0.845 -83.004   3.546   0.805 -87.353   0.000 0 0 0 1061922074003212 0 1 
1236 48 134368 1454.87 1049.42  -0.09  -0.07  21.068  0.018  21.084  20.847  21.052   3.238   0.980  44.043   2.884   0.972   2.679   4.084   0.946  -3.565   0.073 0 0 0 0 0 1 
1236 48  71791 2007.96  988.01   0.04  -0.01  23.057  0.028  23.056  22.787     nan   3.604   0.912 -85.816   3.338   0.850 -73.048   5.325   0.772 -67.741   0.000 0 0 0 0 0 1 
1236 48 120800  860.21 1535.21  -0.05  -0.11  21.615  0.019  21.615  21.204  21.597   3.976   0.962  58.212   3.982   0.962  59.793   7.626   0.971  45.345   0.000 0 0 0 1061922074002409 0 1 
1236 48 189642 1903.56   23.41   0.44   0.59  22.551  0.022  22.713  22.176     nan   4.712   0.762  65.837   5.250   0.680  68.436  12.378   0.630  71.527   0.347 0 0 0 0 0 1 
1236 48 113770  423.33 2255.39   0.53   1.34  22.362  0.021  22.362  21.857  22.406   5.483   0.600  80.753   6.170   0.482  80.516  14.693   0.419  79.828   0.000 0 0 0 1061922074002845 0 1 
1236 48 162496  931.44  820.74   0.01  -0.09  21.840  0.019  21.867  21.275  21.886   4.776   0.928  22.175   5.361   0.916  22.516  13.352   0.908  23.421   0.057 0 0 0 0 0 1 
1236 48  20814 1178.36 3889.18   0.41   0.20  22.581  0.022  22.897  22.356  22.813   4.727   0.827 -70.032   5.211   0.750 -71.690  12.199   0.701 -73.586   0.635 0 0 0 0 0 1 
1236 48 102927 1786.95  714.26  -0.08   0.00  22.394  0.021  22.476  21.952  22.442   4.444   0.859  78.690   4.800   0.836  82.296  10.827   0.831  87.324   0.187 0 0 0 0 0 1 
1236 48  78016  802.11  153.97  -0.06  -0.47  22.861  0.025  22.861  22.337     nan   4.453   0.901  42.296   4.689   0.861  43.540  10.923   0.816  46.373   0.000 0 0 0 0 0 1 
1236 48  20502  790.07 3948.70  -0.01  -0.03  21.562  0.019  21.609  21.127  21.567   4.295   0.953 -87.552   4.580   0.951 -75.464   9.781   0.952 -62.046   0.114 0 0 0 0 0 1 
1236 48  98274 1535.82 1624.60   0.07  -0.01  22.786  0.025  22.930  22.658  22.764   3.138   0.945 -58.586   2.781   0.865 -45.671   4.307   0.774 -35.005   0.549 0 0 0 0 0 1 
1236 48 199937 1649.02 1793.19  -0.01  -0.17  20.262  0.018  20.280  19.777  20.271   5.018   0.898 -78.807   5.723   0.873 -77.331  12.882   0.858 -76.388   0.043 0 0 0 0 0 1 
1236 48 190506 1416.27 3833.92  -0.14  -0.21  20.860  0.018  20.982  20.536  20.929   4.187   0.946  40.733   4.530   0.927  38.156   9.312   0.898  40.398   0.305 0 0 0 0 2 1 
1236 48  46376 1486.99  880.51   0.08  -0.20  23.080  0.029  23.079  22.846  23.043   3.371   0.963  85.534   2.906   0.965  82.787   4.074   0.955  37.297   0.000 0 0 0 0 0 1 
1236 48 185508  175.47 2901.70  -0.12  -0.07  22.908  0.026  22.907  22.643     nan   3.683   0.906  18.392   3.409   0.853  18.545   5.165   0.850  25.789   0.000 0 0 0 0 0 1 
1236 48  49970  404.96 3737.61  -0.03  -0.06  21.428  0.019  21.621  21.161  21.554   3.952   0.974  73.105   4.086   0.994  -0.727   8.777   0.900  -9.646   0.458 0 0 0 0 3 1 
1236 48  20319  973.37 3190.15   0.02  -0.02  21.797  0.019  21.835  21.609  21.797   3.096   0.966 -53.718   2.666   0.925 -47.675   3.575   0.946 -30.981   0.176 0 0 0 0 2 1 
1236 48  62649  161.59  317.75   0.04  -0.15  21.227  0.018  21.362  20.833  21.273   4.689   0.906  34.035   5.278   0.880  32.092  11.960   0.886  31.681   0.293 0 0 0 0 0 1 
1236 48  72360  122.71 3498.45   0.17   1.76     nan    nan     nan     nan     nan   3.305   0.823  68.494     nan     nan     nan     nan     nan     nan     nan 0 0 0 0 0 1 
1236 48 118862 1892.52  544.71  -0.11   0.03  22.714  0.024  22.714  22.393  22.724   3.606   0.929 -83.166   3.475   0.870 -76.469   6.100   0.765 -74.200   0.000 0 0 0 0 2 1 
1236 48 145219  597.72 3147.24   0.01  -0.00  21.401  0.019  21.805  21.296  21.541   3.785   0.930  16.422   4.096   0.836  12.975   9.935   0.648  11.576   0.820 0 0 0 0 2 1 
1236 48   1633 1624.04 1609.93  -0.04   0.07  22.187  0.020  22.186  21.585  22.179   4.473   0.944   4.637   4.974   0.932 -13.120  12.700   0.900 -25.080   0.000 0 0 0 0 0 1 
1236 48 157351  741.69 3491.53  -0.06   0.00  22.291  0.020  22.291  21.829  22.528   4.373   0.899 -11.843   4.607   0.853 -13.952   9.797   0.829 -15.553   0.000 0 0 0 0 0 1 
1236 48 162352 1732.91 2899.03  -0.04  -0.01  22.354  0.020  22.466  21.870  25.222   5.730   0.655  70.515   6.581   0.588  72.557  16.919   0.544  74.431   0.227 0 0 0 0 0 1 
1236 48  79028  361.28 3137.89  -0.11  -0.33  22.791  0.025  23.232  22.782  22.867   3.578   0.919  73.295   3.741   0.865 -88.927   7.647   0.791 -69.370   0.982 0 0 0 1061922074003387 0 1 
1236 48  74040 1724.68 3311.90  -0.03  -0.10  21.653  0.019  21.653  21.463  21.631   3.092   0.964  77.603   2.597   0.957 -87.668   3.281   0.963 -85.423   0.000 0 0 0 0 0 1 
1236 48  11596  377.44 2158.47   0.10  -0.22  22.507  0.023  22.874  22.488  22.457   3.320   0.860  -8.848   3.312   0.690 -11.979   6.208   0.609 -16.824   0.957 0 0 0 1061922074002815 0 1 
1236 48 106304  589.26 1526.20  -0.08  -0.13  22.513  0.023  22.729  22.402  22.540   3.324   0.888  57.854   2.917   0.856  63.167   4.950   0.770 -61.251   0.679 0 0 0 0 2 1 
1236 48 131150 1506.96 1190.96  -0.31   0.39  22.640  0.022  22.639  22.056  22.521   5.652   0.675 -13.795   6.400   0.580 -13.241  16.657   0.515 -12.276   0.000 0 0 0 0 0 1 
1236 48 117273  851.70  965.39   0.24  -0.13  22.686  0.024  22.938  22.451     nan   4.453   0.845 -69.002   4.691   0.791 -68.727  10.071   0.758 -67.254   0.565 0 0 0 0 0 1 
1236 48  52117 1126.39 1352.96  -0.09   0.05  21.936  0.019  22.022  21.396  21.956   4.607   0.945  74.943   5.097   0.982 -83.798  13.331   0.955 -36.061   0.171 0 0 0 0 0 1 
1236 48 135418 1172.17 2594.64   0.19  -0.12     nan    nan     nan     nan  21.477   3.479   0.953   4.547     nan     nan     nan     nan     nan     nan     nan 0 0 0 1061922074003029 0 1 
