# Visit  CCD  FakeID  FakeX  FakeY   DiffX   DiffY   CmodMag   CmodErr  ExpMag  DevMag  KronMag  SdssR  SdssBa  SdssPa  ExpR  ExpBa  ExpPa  DevR  DevBa  DevPa  fracDev  SdssMiter ExpMiter DevMiter parentID  nChild  extended
1236 42 119972  812.61  180.52  -0.24   0.21  22.246  0.024  22.246  21.747  22.277   4.597   0.785  46.848   4.988   0.728  45.169  11.192   0.700  45.469   0.000 0 0 0 0 0 1 
1236 42 111106  472.69  846.41  -0.10  -0.17  22.548  0.025  22.548  22.197     nan   3.799   0.954  -5.585   3.756   0.913  -3.636   6.672   0.895  -6.848   0.000 0 0 0 0 0 1 
1236 42  85785  388.33 3969.74  -0.05  -0.12  22.961  0.029  22.960  22.693  23.006   3.517   0.885 -28.218   3.464   0.712 -23.787   5.931   0.520 -21.011   0.000 0 0 0 0 0 1 
1236 42  15124 1854.28 1973.04   0.16  -0.30  21.743  0.023  21.743  20.989  21.747   7.552   0.621  66.283   9.337   0.560  65.585  29.569   0.521  65.364   0.000 0 0 0 0 0 1 
1236 42 159964  388.09 3288.27  -0.08   0.02  21.829  0.023  21.850  21.297  21.834   6.528   0.534 -35.778   7.793   0.419 -35.088  19.794   0.352 -34.655   0.049 0 0 0 1061896304199611 0 1 
1236 42   8439  420.46 4072.35  -0.23   0.02  22.995  0.030  23.130  22.753  23.071   4.319   0.701 -75.004   4.856   0.513 -74.997   9.821   0.375 -75.076   0.391 0 0 0 1061896304200084 0 1 
1236 42  30739 1463.48 2901.25  -0.01   0.03  22.299  0.024  22.299  21.740     nan   4.556   0.942 -22.392   4.972   0.909 -29.331  12.203   0.872 -36.524   0.000 0 0 0 0 0 1 
1236 42  24622  165.64  650.05  -0.01  -0.31  21.307  0.022  21.307  20.758  21.335   5.681   0.664  83.030   6.698   0.569  83.047  16.853   0.499  83.376   0.000 0 0 0 1061896304198004 0 1 
1236 42  51531 1373.58 1063.51  -0.26  -0.13  22.108  0.024  22.235  21.738  22.186   4.743   0.771   7.704   5.340   0.674   5.401  12.123   0.608   3.996   0.291 0 0 0 0 0 1 
1236 42  46784  150.48  134.38  -0.02   0.08  22.343  0.024  22.642  22.122  22.487   5.786   0.542  32.938   7.033   0.409  33.412  16.941   0.334  33.213   0.622 0 0 0 1061896304197734 0 1 
1236 42  56863  656.83 2940.63  -0.05  -0.15  22.362  0.025  22.361  22.093  22.383   3.408   0.905  15.518   3.123   0.841  13.517   4.710   0.817  20.162   0.000 0 0 0 1061896304199379 0 1 
1236 42 187345  722.97 3509.99  -0.74   0.38  21.732  0.023  21.731  21.359  21.736   4.635   0.694 -47.380   5.012   0.562 -46.205   9.757   0.487 -44.599   0.000 0 0 0 1061896304199765 0 1 
1236 42 146524  894.47 2349.88  -0.12  -0.24  23.040  0.030  23.039  22.763     nan   4.084   0.818 -36.693   3.914   0.724 -39.928   6.330   0.663 -44.022   0.000 0 0 0 0 0 1 
1236 42 196167 1417.31 2259.09  -0.03  -0.04     nan    nan     nan     nan  21.512   5.280   0.704  53.433     nan     nan     nan     nan     nan     nan     nan 0 0 0 1061896304198947 0 1 
1236 42  34489 1182.04 2168.68  -0.09  -0.08  19.906  0.022  20.022  19.352  19.983   7.539   0.600   2.751   9.747   0.527   2.171  28.700   0.465   2.088   0.212 0 0 0 1061896304198895 0 1 
1236 42 1075146 1814.76 1046.75  -0.32  -0.66  23.046  0.028  23.045  22.402     nan   5.535   0.688  78.719   6.611   0.571  80.459  18.674   0.491  81.574   0.000 0 0 0 0 0 1 
1236 42 177247  106.21  512.79   0.01   0.02  22.203  0.024  22.203  21.862  23.683   4.742   0.607 -38.911   5.143   0.437 -39.027   9.551   0.360 -39.613   0.000 0 0 0 0 0 1 
1236 42  58248  684.84 3035.06  -0.16  -0.50  22.821  0.027  22.820  22.450     nan   4.045   0.865 -66.022   4.119   0.766 -61.185   8.030   0.668 -58.342   0.000 0 0 0 0 0 1 
1236 42 100250  358.77 3542.67   0.20  -1.42  22.206  0.023  22.205  21.440  22.187   6.880   0.638 -71.439   8.557   0.565 -71.416  27.534   0.523 -71.093   0.000 0 0 0 0 0 1 
1236 42 165002 1955.10 2973.29  -0.28  -0.48  22.721  0.026  22.721  22.180  22.790   5.598   0.622  -6.822   6.493   0.494  -7.992  16.789   0.403  -8.624   0.000 0 0 0 0 0 1 
1236 42 160925 1794.38   98.51   0.07  -0.02  21.641  0.023  21.640  21.030  23.876   6.228   0.594  86.394   7.567   0.502  86.844  20.837   0.431  87.419   0.000 0 0 0 1061896304197690 0 1 
1236 42  21079 1861.90 2039.07  -0.27  -0.03  23.075  0.030  23.075  22.699  23.020   3.710   0.896 -41.379   3.892   0.760 -41.814   7.560   0.652 -40.222   0.000 0 0 0 1061896304198824 0 1 
1236 42    539  623.59 3091.73   0.16  -0.20  22.664  0.027  22.681  22.448  22.659   3.187   0.890 -50.162   2.922   0.751 -45.970   4.220   0.676 -46.107   0.080 0 0 0 0 0 1 
1236 42 108512 1775.26  926.66  -0.61   0.37  22.852  0.028  23.097  22.721  22.939   4.737   0.539 -85.709   5.326   0.350 -86.117  10.166   0.291 -87.555   0.680 0 0 0 1061896304198142 0 1 
1236 42 150898 1002.70 2209.60  -0.05   0.08  22.699  0.026  22.812  22.317  22.890   4.308   0.818 -87.949   4.574   0.754  89.979  10.007   0.727  89.030   0.261 0 0 0 1061896304198924 0 1 
1236 42  31247  393.11 2980.89   0.12  -0.03  22.761  0.028  22.761  22.634  23.892   3.449   0.772  29.474   3.113   0.604  27.386   3.866   0.475  27.229   0.000 0 0 0 0 0 1 
1236 42  18842  881.28 1040.03   0.11   0.22     nan    nan     nan     nan  21.556   5.020   0.748  36.604     nan     nan     nan     nan     nan     nan     nan 0 0 0 1061896304198215 0 1 
1236 42   3644  137.73 2736.43  -1.00  -1.00  -1.000 -1.000  -1.000  -1.000  -1.000  -1.000  -1.000  -1.000  -1.000  -1.000  -1.000  -1.000  -1.000  -1.000  -1.000 -1 -1 -1 -1 -1 -1 
1236 42  40114  798.88 1506.73   0.60   0.08  22.274  0.023  22.625  21.792  22.424   7.149   0.735 -46.575   9.031   0.693 -43.037  30.708   0.656 -40.705   0.508 0 0 0 0 0 1 
1236 42  41383  880.69 3143.30  -1.00  -1.00  -1.000 -1.000  -1.000  -1.000  -1.000  -1.000  -1.000  -1.000  -1.000  -1.000  -1.000  -1.000  -1.000  -1.000  -1.000 -1 -1 -1 -1 -1 -1 
1236 42 102482  817.32 3186.97   0.02  -0.02  20.369  0.022  20.543  19.984  20.459   5.888   0.684  33.897   7.275   0.604  33.801  17.904   0.571  33.472   0.355 0 0 0 1061896304199526 0 1 
1236 42 137720 1950.81 1564.05  -0.06  -0.01  22.870  0.030  22.928  22.816  22.894   2.758   0.896   8.962   2.093   0.785   5.428   2.248   0.704  -0.736   0.517 0 0 0 0 0 1 
1236 42 198921 1203.43  844.58  -0.03  -0.09  21.530  0.023  21.544  21.183  21.528   5.076   0.569  51.880   5.750   0.415  51.409  11.101   0.338  51.265   0.042 0 0 0 0 0 1 
1236 42 114463  911.93  179.73  -0.27  -0.05  21.395  0.023  21.493  21.190  21.447   3.767   0.806 -52.344   3.829   0.666 -51.404   6.394   0.588 -49.057   0.338 0 0 0 1061896304197738 0 1 
1236 42 131062 1694.55 2569.95   0.01  -0.17  21.835  0.023  21.880  21.543  21.822   4.550   0.622 -45.309   4.950   0.441 -45.816   8.939   0.375 -46.320   0.146 0 0 0 0 0 1 
1236 42  96740  139.75 2184.18  -0.06  -0.17  21.847  0.023  21.954  21.728  21.830   3.209   0.819 -32.128   2.986   0.639 -33.163   4.110   0.607 -36.574   0.483 0 0 0 1061896304198896 0 1 
1236 42  26569 1704.80 1473.83  -0.01  -0.08  22.390  0.024  22.390  21.753  22.425   5.027   0.852 -21.257   5.790   0.774 -23.353  16.031   0.701 -24.569   0.000 0 0 0 0 0 1 
1236 42 100216 1600.95 3519.43   0.20  -0.47  22.310  0.024  22.310  21.681  24.528   5.283   0.767 -44.655   6.317   0.650 -43.890  17.789   0.551 -43.695   0.000 0 0 0 0 0 1 
1236 42  87709  297.91 3313.61  -0.28  -0.48  22.927  0.029  23.092  22.665     nan   4.196   0.822   7.343   4.371   0.717  10.785   8.818   0.653  13.788   0.426 0 0 0 0 0 1 
1236 42 151822 1849.15 1472.53  -0.08  -0.00  20.563  0.022  20.670  20.129  20.628   5.059   0.880  33.421   5.944   0.848  33.369  14.073   0.832  32.697   0.228 0 0 0 1061896304198469 0 1 
1236 42  73326  973.08 1316.30   0.15  -0.16  21.309  0.022  21.309  20.853  21.338   5.504   0.609 -40.712   6.402   0.481 -40.466  14.250   0.407 -40.237   0.000 0 0 0 0 0 1 
1236 42 123920  377.14 2652.09   0.03  -0.17  21.916  0.023  22.035  21.742  21.945   3.298   0.941  84.621   3.082   0.904 -89.358   4.749   0.902 -80.089   0.425 0 0 0 1061896304199195 0 1 
1236 42  38204  225.13  250.87  -1.00  -1.00  -1.000 -1.000  -1.000  -1.000  -1.000  -1.000  -1.000  -1.000  -1.000  -1.000  -1.000  -1.000  -1.000  -1.000  -1.000 -1 -1 -1 -1 -1 -1 
1236 42  52819  324.37  615.11  -0.11  -0.22  21.896  0.023  21.942  21.318  21.904   5.419   0.781  81.942   6.292   0.720  81.652  16.832   0.667  81.715   0.091 0 0 0 1061896304197987 0 1 
1236 42  86329 1294.04 1819.95  -0.04   0.26  21.880  0.023  21.917  21.429  21.872   4.634   0.801 -19.925   5.235   0.714 -20.667  11.698   0.662 -22.758   0.091 0 0 0 1061896304198680 0 1 
1236 42  23015 1612.52 2286.35  -0.20  -0.12  22.364  0.024  22.382  21.801  22.467   5.733   0.598  78.507   6.623   0.510  79.264  16.809   0.467  79.502   0.039 0 0 0 0 0 1 
1236 42  85480  392.26  224.88   0.50   0.28  20.991  0.022  20.992  20.233  21.014   7.384   0.662  24.714   9.257   0.601  23.802  30.148   0.546  23.564   0.000 0 0 0 1061896304197777 0 1 
1236 42 199558 1210.00 3014.59  -0.51   0.02  22.338  0.025  22.613  22.223  22.465   4.041   0.758  15.335   4.309   0.633  16.457   8.072   0.584  18.637   0.731 0 0 0 0 0 1 
1236 42 177715  978.30 3035.05  -0.16   0.00  21.666  0.023  21.692  21.261  21.624   4.553   0.714  84.102   4.945   0.602  85.324  10.101   0.559  86.585   0.071 0 0 0 1061896304199452 0 1 
1236 42  59102  985.38 2328.37   0.31   0.02  22.497  0.025  22.614  22.099  22.608   4.540   0.828 -57.396   4.981   0.764 -56.487  11.336   0.720 -55.684   0.264 0 0 0 0 0 1 
