# Visit  CCD  FakeID  FakeX  FakeY   DiffX   DiffY   CmodMag   CmodErr  ExpMag  DevMag  KronMag  SdssR  SdssBa  SdssPa  ExpR  ExpBa  ExpPa  DevR  DevBa  DevPa  fracDev  SdssMiter ExpMiter DevMiter parentID  nChild  extended
1236 35  69973  184.60 3625.20  -0.12  -0.37  22.185  0.020  22.185  21.857  22.161   3.625   0.965  76.785   3.412   0.975 -71.369   5.720   0.975 -33.220   0.000 0 0 0 0 0 1 
1236 35 165541   22.22 2530.40  -0.22  -0.40  22.779  0.026  22.852  22.641  22.852   3.029   0.954  81.221   2.506   0.919 -74.084   3.442   0.828 -76.143   0.357 0 0 0 0 0 1 
1236 35 163993  942.77 3660.62   0.02  -0.20  22.575  0.023  22.575  22.223  22.593   3.538   0.949  30.864   3.321   0.950  11.781   5.702   0.974 -44.700   0.000 0 0 0 0 0 1 
1236 35 141758 1292.34  416.78  -0.01  -0.15  21.027  0.018  21.036  20.791  21.014   3.332   0.963  31.566   2.976   0.972  12.959   4.232   0.976 -12.603   0.039 0 0 0 0 0 1 
1236 35  57845   45.05 3845.42   0.18  -0.16  22.436  0.022  22.440  22.078     nan   3.847   0.921  31.657   3.831   0.872  21.142   7.064   0.798  16.564   0.014 0 0 0 0 0 1 
1236 35  15875  204.83 3150.43   0.09  -0.12  21.928  0.019  21.928  21.412  21.890   4.269   0.988   7.447   4.598   0.981 -40.918  10.465   0.952 -59.970   0.000 0 0 0 1061866239428307 0 1 
1236 35 137426  307.42 3535.39   0.09   0.17  22.283  0.020  22.282  21.671  22.207   4.925   0.913  86.038   5.504   0.872 -89.072  14.506   0.820 -87.441   0.000 0 0 0 0 0 1 
1236 35  95792 1430.25 3821.12   0.04  -0.13  22.090  0.020  22.141  21.716  22.075   3.912   0.908  68.897   3.936   0.919  85.261   7.641   0.921 -68.822   0.136 0 0 0 0 0 1 
1236 35  62487 1753.55  593.19  -0.29   0.25  22.016  0.019  22.016  21.517  22.082   4.556   0.946  29.936   5.006   0.945  35.021  11.028   0.953  21.371   0.000 0 0 0 1061866239426869 0 1 
1236 35 186623 1174.97 2602.38  -1.00  -1.00  -1.000 -1.000  -1.000  -1.000  -1.000  -1.000  -1.000  -1.000  -1.000  -1.000  -1.000  -1.000  -1.000  -1.000  -1.000 -1 -1 -1 -1 -1 -1 
1236 35  14245 1211.01 1020.54  -0.05  -0.08  19.590  0.017  20.099  19.482  19.942   4.407   0.972  73.550   5.378   0.891 -83.609  14.917   0.717 -71.011   0.853 0 0 0 0 4 1 
1236 35  34264 1707.13 1727.80  -0.17   0.02  22.046  0.019  22.118  21.532  22.162   4.510   0.952   8.722   5.015   0.928  -1.616  12.426   0.907  -6.526   0.151 0 0 0 0 0 1 
1236 35 111732 1764.11 4110.15  -0.07  -0.07  22.137  0.020  22.137  21.901  22.142   3.315   0.969  16.894   2.957   0.936  -8.836   4.230   0.913 -12.224   0.000 0 0 0 0 0 1 
1236 35  69022  962.88  303.76  -1.00  -1.00  -1.000 -1.000  -1.000  -1.000  -1.000  -1.000  -1.000  -1.000  -1.000  -1.000  -1.000  -1.000  -1.000  -1.000  -1.000 -1 -1 -1 -1 -1 -1 
1236 35 152801 1362.71 3767.27  -0.03  -0.87  23.236  0.032  23.246  22.885     nan   3.930   0.903  61.888   3.664   0.907  73.797   6.332   0.933  86.810   0.031 0 0 0 0 0 1 
1236 35  46588 1918.84  244.89   0.00  -0.41  22.960  0.027  23.060  22.759  23.071   3.206   0.996  46.360   2.977   0.960  43.752   5.023   0.820  51.723   0.351 0 0 0 1061866239426707 0 1 
1236 35 177774 1396.49 1992.62   0.01  -0.31  22.149  0.020  22.286  22.003  22.142   3.270   0.940 -82.783   2.977   0.887 -69.924   4.562   0.857 -60.310   0.500 0 0 0 0 0 1 
1236 35 103784 1336.99 2561.68  -0.02  -0.13  20.153  0.017  20.343  19.791  20.259   4.544   0.983  38.332   5.227   0.965  45.871  12.746   0.902  50.494   0.389 0 0 0 0 2 1 
1236 35  81313  490.28 1875.93   0.02  -0.16  21.747  0.018  22.043  21.354  22.068   5.282   0.829  38.567   6.578   0.740  35.742  18.540   0.719  34.357   0.499 0 0 0 0 2 1 
1236 35  95518  924.68 3351.98  -0.08  -0.08  20.766  0.018  20.848  20.333  20.794   4.416   0.982 -21.179   4.925   0.958 -26.962  11.144   0.938 -27.102   0.185 0 0 0 1061866239428410 0 1 
1236 35 177905  770.72  160.40  -1.00  -1.00  -1.000 -1.000  -1.000  -1.000  -1.000  -1.000  -1.000  -1.000  -1.000  -1.000  -1.000  -1.000  -1.000  -1.000  -1.000 -1 -1 -1 -1 -1 -1 
1236 35 190311  983.90  988.03  -0.14  -0.03  21.817  0.018  21.817  21.284  21.833   4.525   0.946  47.270   4.884   0.960  50.771  11.142   0.975  61.091   0.000 0 0 0 0 0 1 
1236 35  53278  609.17 2534.69   0.16   0.10  22.766  0.023  22.765  22.119     nan   4.941   0.875  63.982   5.390   0.868  61.440  14.375   0.870  57.964   0.000 0 0 0 0 0 1 
1236 35 193516 1405.03 2512.40  -0.02  -0.02  20.377  0.017  20.450  20.018  20.402   4.150   0.987  56.123   4.448   0.989 -40.022   8.915   0.977 -29.880   0.189 0 0 0 1061866239427978 0 1 
1236 35  66925  598.53 2610.95   0.12  -0.14  21.558  0.018  21.566  21.200  21.559   3.837   0.939  69.339   3.797   0.943  69.812   6.711   0.960  56.877   0.025 0 0 0 0 0 1 
1236 35 196173 1053.65  176.48  -0.12   0.10  22.133  0.019  22.142  21.546  22.182   4.863   0.901  64.104   5.481   0.858  66.485  13.872   0.828  66.984   0.018 0 0 0 0 0 1 
1236 35 106717 1447.10 1716.69  -0.20  -0.03  22.256  0.020  22.315  21.836     nan   6.266   0.571 -78.531   7.200   0.462 -77.703  16.788   0.376 -77.654   0.141 0 0 0 0 2 1 
1236 35  99237 1541.56 1529.97  -0.72   0.25  22.650  0.023  22.650  22.223  22.725   3.994   0.890 -13.726   4.099   0.836 -20.785   8.241   0.803 -23.694   0.000 0 0 0 0 0 1 
1236 35 122676 1816.88 3901.37  -0.01  -0.16  21.942  0.019  22.050  21.737  21.993   3.581   0.928  48.845   3.479   0.895  41.230   5.660   0.875  36.721   0.363 0 0 0 0 0 1 
1236 35  59652  836.63 3995.27   0.17   0.08  22.983  0.027  22.983  22.541  22.838   3.873   0.912  88.086   3.906   0.893 -81.224   7.733   0.923  81.421   0.000 0 0 0 1061866239428828 0 1 
1236 35  98625  160.19  704.60  -0.03   0.01  22.466  0.022  22.466  22.190  24.456   3.682   0.912 -34.808   3.562   0.823 -38.172   5.696   0.758 -41.643   0.000 0 0 0 0 0 1 
1236 35  31515  992.29 1616.57   0.16   0.17  22.621  0.023  22.684  22.268  22.602   3.804   0.932  35.166   3.761   0.932  43.211   7.205   0.928  65.498   0.173 0 0 0 0 0 1 
1236 35 151442   37.84 1605.05   0.16  -0.05  19.939  0.017  20.135  19.611  20.082   4.593   0.972  55.082   5.108   0.981  51.399  11.883   0.930  83.372   0.416 0 0 0 0 4 1 
1236 35  32926 1768.95  615.35  -0.08  -0.09  20.851  0.017  20.885  20.364  20.895   4.704   0.978  55.129   5.261   0.979  53.263  11.888   0.992  62.755   0.078 0 0 0 1061866239426869 0 1 
1236 35  85719 1296.41 2355.05   0.09  -0.31  22.923  0.028  22.923  22.727  22.909   2.962   0.947  16.192   2.451   0.863  -5.040   3.199   0.819  -6.056   0.000 0 0 0 0 0 1 
1236 35 186287 1514.65 2413.38   0.06  -0.33  22.629  0.023  22.686  22.221  23.486   4.013   0.948  72.555   4.161   0.918  71.418   8.820   0.866  66.687   0.143 0 0 0 0 0 1 
1236 35  92559  451.29 2558.01   0.38  -0.13  22.274  0.021  22.511  22.275  22.409   3.160   0.863   6.253   3.163   0.658   5.069   4.775   0.504   8.624   1.000 0 0 0 0 0 1 
1236 35  56834  710.99   76.09   0.31  -0.25  22.048  0.019  22.197  21.648  22.096   4.386   0.934  17.856   4.826   0.915  23.961  11.306   0.897  26.435   0.315 0 0 0 0 0 1 
1236 35  80981 1353.82  965.66  -0.16  -0.13  22.698  0.024  22.901  22.571  22.804   3.529   0.883  63.135   3.562   0.776  72.081   6.255   0.663  78.452   0.639 0 0 0 0 0 1 
1236 35  71232  408.40 3330.42  -0.15  -0.08  22.454  0.022  22.500  22.168  22.467   3.568   0.936  81.759   3.413   0.901 -85.972   5.912   0.833 -81.944   0.152 0 0 0 0 0 1 
1236 35 102425  515.93 2467.22   0.20   0.35  22.555  0.023  22.555  22.299  22.517   3.387   0.969  47.290   3.099   0.941  51.230   4.708   0.876  61.145   0.000 0 0 0 0 0 1 
1236 35  17066   88.50 2717.21   0.02  -0.17  21.319  0.018  21.319  20.807  21.297   4.491   0.967 -74.569   4.990   0.935 -57.846  11.417   0.900 -54.007   0.000 0 0 0 0 0 1 
1236 35  86313  620.61 1004.42   0.10  -0.25  22.054  0.020  22.150  21.850  22.069   3.309   0.974  67.522   3.093   0.949 -84.270   4.925   0.915 -70.199   0.338 0 0 0 0 0 1 
1236 35  68321 1111.94  766.96  -0.04  -0.11  22.675  0.025  22.697  22.599  24.337   2.802   0.957  11.208   2.164   0.902 -17.236   2.186   0.891 -39.725   0.223 0 0 0 0 0 1 
1236 35 200806  647.90 2317.42  -0.37  -0.07  21.915  0.019  22.000  21.822  21.952   3.146   0.863  -9.838   2.849   0.689 -14.322   3.677   0.601 -13.417   0.479 0 0 0 0 0 1 
1236 35  17447  841.00 1773.96  -0.33  -0.25  22.544  0.022  22.577  22.168  22.899   4.392   0.865  -5.238   4.541   0.799  -6.361   8.916   0.752  -6.710   0.091 0 0 0 0 0 1 
1236 35  45795  988.52 1981.45   0.15   0.51  22.613  0.022  22.796  22.276  22.699   3.925   0.978 -68.853   4.342   0.890 -52.764  10.060   0.809 -50.448   0.399 0 0 0 0 0 1 
1236 35  82022  971.86 4091.79   0.48   0.34  21.529  0.018  21.529  20.976  22.488   5.138   0.832  37.801   5.766   0.800  36.172  14.076   0.766  36.427   0.000 0 0 0 0 0 1 
1236 35  95319 1594.15 3344.15   0.69   0.27  21.796  0.019  21.973  21.478  21.892   4.750   0.753 -63.960   5.526   0.650 -62.180  12.551   0.582 -61.507   0.399 0 0 0 1061866239428396 0 1 
1236 35  45939 1352.80 1518.20  -0.17   0.04  22.480  0.021  22.480  22.101     nan   4.070   0.944  55.466   3.967   0.946  63.579   7.390   0.948  75.590   0.000 0 0 0 0 0 1 
