# Visit  CCD  FakeID  FakeX  FakeY   DiffX   DiffY   CmodMag   CmodErr  ExpMag  DevMag  KronMag  SdssR  SdssBa  SdssPa  ExpR  ExpBa  ExpPa  DevR  DevBa  DevPa  fracDev  SdssMiter ExpMiter DevMiter parentID  nChild  extended
1236 42  38878 1540.17 3008.05  -0.11  -0.01  21.991  0.024  21.991  21.668  22.019   3.602   0.922  54.950   3.445   0.889  54.978   5.709   0.884  58.727   0.000 0 0 0 1061896304199436 0 1 
1236 42 138900  933.55 1861.70   0.57   0.32  21.786  0.023  21.786  21.208  21.776   6.600   0.551  31.466   7.840   0.458  31.660  20.257   0.410  32.525   0.000 0 0 0 1061896304198712 0 1 
1236 42  67627 1429.50 1951.78   0.02   0.03  22.206  0.024  22.456  22.039  22.231   3.965   0.730  67.498   4.085   0.582  67.996   7.940   0.547  58.741   0.632 0 0 0 0 2 1 
1236 42 181461 1782.68 4071.28   0.04  -0.04  22.804  0.027  22.804  22.345     nan   5.968   0.543  18.190   6.826   0.412  18.232  15.442   0.332  18.631   0.000 0 0 0 0 0 1 
1236 42 136054 1495.16 2466.12  -0.00  -0.07  20.797  0.022  20.848  20.499  20.794   3.962   0.876 -35.404   4.177   0.793 -36.378   7.469   0.741 -36.728   0.159 0 0 0 1061896304199075 0 1 
1236 42  46379  136.61 1280.62   0.03  -0.08  22.032  0.024  22.032  21.814  22.065   3.526   0.808  11.058   3.328   0.679   9.218   4.679   0.628   8.107   0.000 0 0 0 0 0 1 
1236 42 184172 1479.60 1345.86   0.97   0.85  22.202  0.024  22.202  21.978  23.737   3.625   0.759  57.612   3.414   0.608  57.626   5.006   0.538  56.564   0.000 0 0 0 0 0 1 
1236 42 128111  430.70 3175.73  -0.34  -0.20  22.757  0.027  22.898  22.494  22.854   3.866   0.805  17.848   4.033   0.701  16.905   7.694   0.665  18.853   0.383 0 0 0 0 0 1 
1236 42 201000  685.42  466.85   0.14  -0.38  21.983  0.023  22.063  21.571  22.092   4.777   0.744 -75.887   5.410   0.643 -73.181  12.306   0.571 -71.221   0.189 0 0 0 0 0 1 
1236 42 114097  465.45  600.96  -0.04   0.03  22.823  0.028  22.825  22.509  22.831   3.801   0.772  86.749   3.696   0.660  87.744   6.000   0.667  85.757   0.008 0 0 0 1061896304197985 0 1 
1236 42 158600  403.61 1119.32   0.13  -0.21  22.731  0.027  22.732  22.463  22.707   3.623   0.836 -82.477   3.466   0.733 -79.532   5.414   0.666 -78.216   0.002 0 0 0 1061896304198258 0 1 
1236 42  19851  288.76 2177.34  -0.07   0.01     nan    nan     nan     nan  19.952   4.757   0.888 -78.790     nan     nan     nan     nan     nan     nan     nan 0 0 0 1061896304198974 0 1 
1236 42  47773  774.36 3190.33   1.20  -0.29  22.190  0.024  22.840  22.170  22.395   5.945   0.733  86.171   7.002   0.728  79.833  18.420   0.753  76.495   0.975 0 0 0 1061896304199536 0 1 
1236 42 184255 1185.81 1234.36  -0.69  -0.02  21.782  0.023  21.782  21.305  21.792   5.098   0.633  -0.366   5.761   0.501  -0.363  13.225   0.425   0.153   0.000 0 0 0 1061896304198316 0 1 
1236 42  95536  656.85 1266.85   0.00  -0.16  21.857  0.023  21.898  21.645  21.870   3.978   0.656 -64.233   4.095   0.445 -63.390   6.308   0.381 -63.448   0.170 0 0 0 0 0 1 
1236 42 108555 1098.15  346.54   0.16   0.44  20.774  0.022  21.145  20.532  21.035   5.611   0.746   9.802   7.059   0.665   7.360  18.244   0.639   6.268   0.656 0 0 0 1061896304197818 0 1 
1236 42  79922  571.39 3240.51   0.03  -0.08  21.382  0.023  21.413  21.085  21.397   3.733   0.945 -88.605   3.689   0.925 -84.111   6.230   0.908 -74.644   0.106 0 0 0 0 0 1 
1236 42 194071  609.76 2865.65  -0.24  -0.03  22.484  0.026  22.678  22.358  22.555   3.452   0.849  10.806   3.563   0.678   9.055   6.069   0.595   5.136   0.628 0 0 0 0 0 1 
1236 42 134368 1454.87 1049.42  -0.08  -0.05  21.051  0.023  21.073  20.826  21.037   3.530   0.824  62.109   3.379   0.718  62.144   4.928   0.684  62.244   0.092 0 0 0 0 0 1 
1236 42  71791 2007.96  988.01   0.04  -0.01  23.114  0.031  23.114  22.908     nan   3.592   0.822 -62.009   3.406   0.658 -60.704   5.155   0.504 -61.892   0.000 0 0 0 0 0 1 
1236 42 120800  860.21 1535.21   0.07  -0.13  21.675  0.023  21.707  21.319  21.667   4.032   0.863 -79.321   4.235   0.794 -76.019   8.091   0.738 -73.440   0.092 0 0 0 0 0 1 
1236 42 189642 1903.56   23.41   0.44  -0.41  23.420  0.036  23.420  23.261     nan   3.782   0.640 -71.040   3.770   0.340 -70.829   5.343   0.188 -71.439   0.000 0 0 0 1061896304197645 0 1 
1236 42 113770  423.33 2255.39  -0.14  -0.11  22.733  0.027  22.732  22.399  22.674   3.460   0.955  50.204   3.256   0.938  37.467   5.594   0.906  25.005   0.000 0 0 0 0 0 1 
1236 42 162496  931.44  820.74  -0.09  -0.22     nan    nan     nan     nan  21.715   7.668   0.535  -9.835     nan     nan     nan     nan     nan     nan     nan 0 0 0 1061896304198106 0 1 
1236 42  20814 1178.36 3889.18   0.01  -0.26  23.027  0.029  23.026  22.711     nan   4.359   0.779  32.052   4.447   0.681  28.443   7.942   0.601  26.078   0.000 0 0 0 1061896304199975 0 1 
1236 42 102927 1786.95  714.26   0.08  -0.17  22.661  0.026  22.661  22.302     nan   4.441   0.783 -60.110   4.613   0.686 -62.411   8.535   0.625 -65.060   0.000 0 0 0 1061896304198040 0 1 
1236 42  78016  802.11  153.97  -0.21  -0.31  22.738  0.025  22.738  22.053  22.750   7.849   0.454 -72.061   9.518   0.372 -71.263  27.461   0.355 -70.110   0.000 0 0 0 0 0 1 
1236 42  20502  790.07 3948.70   0.13  -0.08  21.628  0.023  21.627  21.170  21.602   4.955   0.734   2.771   5.580   0.633   2.948  12.155   0.570   3.117   0.000 0 0 0 0 0 1 
1236 42  98274 1535.82 1624.60   0.14  -0.02  22.850  0.029  22.994  22.750  22.804   3.334   0.761  51.706   3.125   0.569  53.298   4.387   0.558  57.390   0.602 0 0 0 1061896304198571 0 1 
1236 42 199937 1649.02 1793.19  -0.03  -0.01  20.262  0.022  20.334  19.835  20.287   5.161   0.792 -49.185   6.063   0.723 -48.458  13.875   0.670 -47.740   0.166 0 0 0 0 2 1 
1236 42 190506 1416.27 3833.92  -0.13  -0.14  21.038  0.022  21.060  20.618  21.033   5.251   0.632  31.985   6.045   0.510  31.719  12.973   0.445  31.965   0.059 0 0 0 1061896304199946 0 1 
1236 42  46376 1486.99  880.51  -0.26   0.34  22.935  0.029  22.935  22.645  22.965   3.573   0.893  55.438   3.286   0.857  54.845   5.082   0.881  46.011   0.000 0 0 0 1061896304198131 0 1 
1236 42 185508  175.47 2901.70   0.30   0.07  22.971  0.030  22.971  22.723  22.533   3.467   0.931  66.667   3.156   0.901  74.554   4.674   0.851  84.908   0.000 0 0 0 0 0 1 
1236 42  49970  404.96 3737.61  -0.97  -0.16  21.450  0.023  21.449  20.986  21.457   4.834   0.722   1.966   5.403   0.606   0.775  12.018   0.538   0.006   0.000 0 0 0 0 0 1 
1236 42  20319  973.37 3190.15  -0.03   0.01  21.795  0.023  21.819  21.551  21.759   3.731   0.719 -51.408   3.655   0.531 -50.603   5.571   0.500 -50.505   0.098 0 0 0 1061896304199535 0 1 
1236 42  62649  161.59  317.75  -0.24  -0.10  21.433  0.023  21.433  20.956  21.461   5.106   0.722 -13.590   5.822   0.626 -13.169  13.136   0.562 -12.629   0.000 0 0 0 0 0 1 
1236 42  72360  122.71 3498.45   0.35  -0.40  22.733  0.026  22.732  22.150  24.249   5.446   0.701 -88.045   6.234   0.608  89.530  16.085   0.539  88.107   0.000 0 0 0 0 0 1 
1236 42 118862 1892.52  544.71  -0.01  -0.02  22.588  0.026  22.611  22.174  22.415   4.418   0.707 -81.131   4.892   0.564 -80.309  10.359   0.484 -78.527   0.064 0 0 0 0 0 1 
1236 42 145219  597.72 3147.24   0.09   0.07  21.488  0.023  21.781  21.346  21.658   4.301   0.727 -14.422   4.914   0.578 -16.455  10.001   0.523 -18.645   0.704 0 0 0 1061896304199491 0 1 
1236 42   1633 1624.04 1609.93  -0.08   0.06  22.152  0.024  22.152  21.561  22.087   5.026   0.833 -24.295   5.795   0.757 -22.255  15.068   0.686 -22.124   0.000 0 0 0 0 0 1 
1236 42 157351  741.69 3491.53  -0.14  -0.00  22.326  0.024  22.325  21.882  22.282   4.709   0.727  23.034   5.168   0.622  20.431  11.060   0.546  18.184   0.000 0 0 0 0 0 1 
1236 42 162352 1732.91 2899.03   0.13  -0.13  22.677  0.026  22.677  22.246  22.661   5.433   0.536 -51.314   6.229   0.366 -51.830  13.823   0.274 -52.538   0.000 0 0 0 0 0 1 
1236 42  79028  361.28 3137.89   0.17   0.21  22.879  0.028  22.996  22.524  23.734   5.255   0.634  -7.523   6.098   0.474  -9.234  14.170   0.359 -10.745   0.284 0 0 0 0 0 1 
1236 42  74040 1724.68 3311.90  -0.07  -0.09  21.629  0.023  21.645  21.433  21.605   3.376   0.830   6.975   3.102   0.702   4.372   4.185   0.673   2.067   0.076 0 0 0 0 0 1 
1236 42  11596  377.44 2158.47  -0.10  -0.23  22.393  0.025  22.772  22.393  22.458   3.871   0.696  47.269   4.408   0.493  47.145   8.263   0.416  46.170   1.000 0 0 0 1061896304198974 0 1 
1236 42 106304  589.26 1526.20   0.10   0.30  22.795  0.028  22.800  22.602  22.748   3.098   0.853  58.729   2.642   0.741  59.867   3.452   0.710  62.710   0.027 0 0 0 0 0 1 
1236 42 131150 1506.96 1190.96   0.11  -0.08  22.654  0.026  22.867  22.368     nan   5.796   0.521  30.536   6.581   0.407  31.682  14.885   0.364  32.739   0.474 0 0 0 0 0 1 
1236 42 117273  851.70  965.39   0.23   0.13  22.372  0.024  22.695  22.067  22.094   4.338   0.987  71.028   4.783   0.962   1.578  12.713   0.889  -6.996   0.576 0 0 0 1061896304198177 0 1 
1236 42  52117 1126.39 1352.96   0.07   0.17  22.161  0.024  22.161  21.715     nan   4.686   0.782  57.096   5.132   0.695  60.161  11.118   0.613  62.609   0.000 0 0 0 0 0 1 
1236 42 135418 1172.17 2594.64  -0.03  -0.05  21.281  0.023  21.280  20.925  21.265   4.243   0.784 -78.157   4.486   0.680 -76.990   8.284   0.615 -75.818   0.000 0 0 0 0 0 1 
