# Visit  CCD  FakeID  FakeX  FakeY   DiffX   DiffY   CmodMag   CmodErr  ExpMag  DevMag  KronMag  SdssR  SdssBa  SdssPa  ExpR  ExpBa  ExpPa  DevR  DevBa  DevPa  fracDev  SdssMiter ExpMiter DevMiter parentID  nChild  extended
1236 43  38878 1540.17 3008.05  -1.00  -1.00  -1.000 -1.000  -1.000  -1.000  -1.000  -1.000  -1.000  -1.000  -1.000  -1.000  -1.000  -1.000  -1.000  -1.000  -1.000 -1 -1 -1 -1 -1 -1 
1236 43 138900  933.55 1861.70   0.15  -0.02     nan    nan     nan     nan     nan  11.357   0.383 -84.361     nan     nan     nan     nan     nan     nan     nan 0 0 0 0 2 1 
1236 43  67627 1429.50 1951.78  -0.22  -0.05  22.464  0.025  22.463  22.183  22.445   3.618   0.885 -33.237   3.445   0.788 -30.149   5.421   0.750 -26.051   0.000 0 0 0 1061900599165907 0 1 
1236 43 181461 1782.68 4071.28   0.35  -0.65  22.921  0.028  22.921  22.519     nan   4.515   0.794 -50.565   4.673   0.684 -48.614   9.574   0.585 -48.166   0.000 0 0 0 0 0 1 
1236 43 136054 1495.16 2466.12   0.20  -0.01  20.733  0.021  20.863  20.491  20.781   3.714   0.967  12.795   3.811   0.931   1.883   6.855   0.914   2.242   0.374 0 0 0 1061900599166173 0 1 
1236 43  46379  136.61 1280.62   0.07   0.08  21.906  0.022  21.994  21.697  21.930   3.322   0.935  21.148   3.075   0.889   7.787   4.778   0.889  -5.996   0.314 0 0 0 0 0 1 
1236 43 184172 1479.60 1345.86  -0.13  -0.25  22.729  0.027  22.728  22.513  22.686   3.090   0.955 -76.947   2.628   0.924 -63.177   3.489   0.937 -68.367   0.000 0 0 0 0 0 1 
1236 43 128111  430.70 3175.73   0.20  -0.41  22.627  0.026  22.841  22.395  22.852   3.827   0.949   2.706   3.858   0.928  13.622   7.694   0.919  30.378   0.521 0 0 0 0 2 1 
1236 43 201000  685.42  466.85   0.03   0.02  21.120  0.021  22.001  21.121  21.673   4.263   0.967  -3.236   5.019   0.903  -9.499  19.650   0.672  -9.186   1.000 0 0 0 0 4 1 
1236 43 114097  465.45  600.96   0.04  -0.26  22.902  0.029  22.902  22.643  22.908   3.561   0.866  40.037   3.310   0.808  37.314   4.964   0.774  36.344   0.000 0 0 0 0 0 1 
1236 43 158600  403.61 1119.32   0.34   0.15  22.347  0.024  22.474  22.009  22.441   4.231   0.859  -8.735   4.423   0.823 -14.922   9.279   0.793 -22.750   0.308 0 0 0 1061900599165462 0 1 
1236 43  19851  288.76 2177.34  -0.01  -0.05  19.684  0.021  19.735  19.269  19.701   4.625   0.985 -89.310   5.188   0.991 -73.576  11.039   0.980 -37.945   0.125 0 0 0 0 0 1 
1236 43  47773  774.36 3190.33   0.27  -0.40  23.062  0.029  23.062  22.392  22.882   5.179   0.824 -24.066   5.908   0.764 -26.711  16.497   0.733 -28.178   0.000 0 0 0 0 0 1 
1236 43 184255 1185.81 1234.36  -0.16  -0.19  21.884  0.022  21.884  21.481  23.220   4.024   0.965 -40.586   4.223   0.892 -40.954   8.381   0.823 -41.781   0.000 0 0 0 0 0 1 
1236 43  95536  656.85 1266.85   0.02  -0.04  21.937  0.022  21.937  21.719  21.913   3.109   0.960  56.013   2.654   0.949  67.982   3.699   0.880  77.517   0.000 0 0 0 0 0 1 
1236 43 108555 1098.15  346.54   0.02  -0.14  21.353  0.021  21.577  21.108  21.492   3.962   0.915  44.303   4.108   0.891  41.246   9.017   0.783  38.240   0.517 0 0 0 0 2 1 
1236 43  79922  571.39 3240.51  -0.03  -0.00  21.139  0.021  21.325  20.878  21.219   3.969   0.930  75.440   4.168   0.909  86.831   8.660   0.846 -77.347   0.452 0 0 0 0 2 1 
1236 43 194071  609.76 2865.65  -0.22  -0.03  22.611  0.026  22.748  22.472  22.468   3.469   0.809 -77.992   3.359   0.648 -77.096   5.116   0.614 -78.877   0.515 0 0 0 0 0 1 
1236 43 134368 1454.87 1049.42  -0.01  -0.06  21.092  0.021  21.091  20.853  21.078   3.289   0.969  46.612   2.917   0.986  14.560   4.116   0.981 -35.944   0.000 0 0 0 0 0 1 
1236 43  71791 2007.96  988.01   0.04  -0.01  23.012  0.031  23.012  22.755  23.019   3.386   0.939  39.103   2.967   0.940  36.794   4.430   0.898  60.451   0.000 0 0 0 0 0 1 
1236 43 120800  860.21 1535.21   0.03   0.02  21.765  0.022  21.765  21.400  22.502   3.851   0.944  68.697   3.729   0.949  75.934   6.610   0.969  80.902   0.000 0 0 0 1061900599165679 0 1 
1236 43 189642 1903.56   23.41  -0.56   0.59  23.064  0.030  23.063  22.693     nan   3.761   0.894  28.791   3.671   0.844  18.483   6.849   0.777  11.974   0.000 0 0 0 0 0 1 
1236 43 113770  423.33 2255.39   0.21   0.10  22.601  0.025  22.601  22.115  22.604   4.140   0.847  33.352   4.431   0.809  28.612   9.463   0.806  22.026   0.000 0 0 0 0 0 1 
1236 43 162496  931.44  820.74  -0.19   0.06  21.868  0.022  21.867  21.289  21.852   4.939   0.908 -33.101   5.536   0.868 -32.036  13.941   0.819 -32.868   0.000 0 0 0 0 0 1 
1236 43  20814 1178.36 3889.18  -0.43   1.05  22.671  0.025  22.670  22.207  22.599   4.789   0.675 -83.500   5.237   0.550 -81.718  11.760   0.474 -81.421   0.000 0 0 0 0 0 1 
1236 43 102927 1786.95  714.26   0.76   0.07  22.622  0.025  22.652  22.179  22.624   4.358   0.789 -67.028   4.741   0.699 -65.535  10.305   0.646 -63.066   0.076 0 0 0 1061900599165258 0 1 
1236 43  78016  802.11  153.97  -0.33   0.23  24.066  0.069  24.066  24.050  23.944   2.319   0.836  56.396   1.276   0.535  57.783   0.944   0.494  57.523   0.000 0 0 0 1061900599165000 0 1 
1236 43  20502  790.07 3948.70   0.16  -0.09  21.499  0.021  21.535  21.008  21.523   4.773   0.887  -9.115   5.378   0.836  -9.137  12.583   0.792  -9.667   0.083 0 0 0 0 0 1 
1236 43  98274 1535.82 1624.60  -0.48  -0.31  23.113  0.034  23.509  23.065  23.109   2.594   0.872  -1.709   2.050   0.606  -6.916   4.570   0.542  18.139   0.900 0 0 0 1061900599165716 0 1 
1236 43 199937 1649.02 1793.19  -0.03  -0.04  20.340  0.021  20.349  19.843  20.337   4.677   0.966  67.775   5.221   0.967  70.036  11.636   0.974  78.486   0.024 0 0 0 0 0 1 
1236 43 190506 1416.27 3833.92  -0.10  -0.11  20.917  0.021  21.010  20.554  20.964   4.235   0.953  59.883   4.540   0.955  65.139   9.344   0.958  74.243   0.231 0 0 0 0 0 1 
1236 43  46376 1486.99  880.51   1.90   0.30  23.319  0.036  23.319  23.005     nan   3.645   0.909  67.243   3.466   0.866  61.756   5.759   0.842  59.659   0.000 0 0 0 1061900599165339 0 1 
1236 43 185508  175.47 2901.70  -0.15  -0.34  22.901  0.029  22.900  22.584  26.119   3.852   0.838  66.551   3.715   0.765  66.039   6.397   0.696  64.849   0.000 0 0 0 0 0 1 
1236 43  49970  404.96 3737.61  -0.10  -0.12  21.647  0.021  21.697  21.295  21.701   3.842   0.961 -75.158   3.880   0.948 -61.443   7.332   0.940 -62.100   0.141 0 0 0 0 0 1 
1236 43  20319  973.37 3190.15  -0.02  -0.07  21.869  0.022  21.874  21.652  21.844   3.135   0.952  46.443   2.698   0.926  26.244   3.734   0.881  19.217   0.024 0 0 0 0 0 1 
1236 43  62649  161.59  317.75  -0.07  -0.12  21.002  0.020  21.332  20.700  21.173   4.618   0.956 -18.038   5.438   0.901 -10.376  14.705   0.824   0.670   0.582 0 0 0 0 2 1 
1236 43  72360  122.71 3498.45  -0.39   0.24  22.901  0.028  22.900  22.509     nan   3.929   0.887  71.172   3.896   0.827  74.976   7.574   0.766  77.422   0.000 0 0 0 0 0 1 
1236 43 118862 1892.52  544.71   0.05  -0.12  22.744  0.027  22.855  22.607  22.811   3.467   0.837  30.166   3.289   0.716  28.982   4.895   0.639  26.715   0.463 0 0 0 0 0 1 
1236 43 145219  597.72 3147.24   0.08  -0.04  21.859  0.022  21.858  21.555  21.836   3.598   0.968  32.917   3.476   0.935   8.134   5.627   0.921   7.154   0.000 0 0 0 0 0 1 
1236 43   1633 1624.04 1609.93   0.40   0.16  22.097  0.022  22.173  21.609  22.120   4.507   0.953 -20.491   4.997   0.925 -28.268  12.061   0.900 -38.302   0.163 0 0 0 0 0 1 
1236 43 157351  741.69 3491.53  -0.02  -0.10  22.242  0.023  22.357  21.927  23.352   4.037   0.929 -55.557   4.185   0.890 -50.990   8.414   0.844 -51.181   0.299 0 0 0 0 0 1 
1236 43 162352 1732.91 2899.03  -0.39  -0.05  22.759  0.026  22.759  22.376     nan   4.037   0.901 -30.164   4.072   0.832 -28.346   7.768   0.799 -30.937   0.000 0 0 0 0 0 1 
1236 43  79028  361.28 3137.89  -0.08  -0.07  22.633  0.025  23.053  22.480  22.805   4.616   0.831 -12.980   5.332   0.773 -15.222  13.123   0.710 -21.443   0.774 0 0 0 1061900599166553 0 1 
1236 43  74040 1724.68 3311.90   0.01  -0.13  21.656  0.022  21.655  21.454  21.658   3.145   0.954  57.865   2.617   0.988  60.188   3.436   0.977 -43.529   0.000 0 0 0 0 0 1 
1236 43  11596  377.44 2158.47   0.07   0.09  23.001  0.031  23.004  22.861  22.933   3.271   0.764  13.725   2.881   0.540   9.582   3.492   0.453   6.170   0.021 0 0 0 0 0 1 
1236 43 106304  589.26 1526.20   0.05  -0.04  22.712  0.027  22.777  22.517  22.643   3.086   0.947  45.562   2.548   0.978  57.162   3.910   0.863 -70.248   0.264 0 0 0 1061900599165675 0 1 
1236 43 131150 1506.96 1190.96   0.80  -0.46     nan    nan     nan     nan     nan   8.785   0.836 -71.291     nan     nan     nan     nan     nan     nan     nan 0 0 0 0 0 1 
1236 43 117273  851.70  965.39  -0.10   0.02  22.865  0.028  22.908  22.421  22.840   3.981   0.930 -51.293   4.214   0.849 -42.162   9.302   0.781 -37.843   0.105 0 0 0 0 0 1 
1236 43  52117 1126.39 1352.96   0.14  -0.34  21.356  0.021  21.874  21.162  21.819   5.994   0.684 -24.772   6.965   0.746 -27.904  19.266   0.788 -31.485   0.781 0 0 0 0 3 1 
1236 43 135418 1172.17 2594.64  -0.02   0.05  21.259  0.021  21.277  20.925  21.237   3.815   0.948  64.563   3.773   0.955  61.041   6.533   0.970  56.786   0.058 0 0 0 1061900599166271 0 1 
