# Visit  CCD  FakeID  FakeX  FakeY   DiffX   DiffY   CmodMag   CmodErr  ExpMag  DevMag  KronMag  SdssR  SdssBa  SdssPa  ExpR  ExpBa  ExpPa  DevR  DevBa  DevPa  fracDev  SdssMiter ExpMiter DevMiter parentID  nChild  extended
1236 64 107318  358.00 1927.93  -0.43   0.23  21.932  0.025  21.965  21.641  21.919   4.823   0.582 -31.014   5.372   0.386 -29.511   9.679   0.315 -27.215   0.111 0 0 0 0 2 1 
1236 64  32672   56.53 3472.48   0.47  -0.48     nan    nan     nan     nan     nan  43.897   0.559  45.536     nan     nan     nan     nan     nan     nan     nan 0 0 0 1061990793480262 0 1 
1236 64 147468 1574.35 2129.72  -0.13  -0.03  21.720  0.025  21.720  21.434  21.719   3.887   0.779  18.357   3.819   0.661  15.004   6.121   0.608  13.948   0.000 0 0 0 1061990793479407 0 1 
1236 64 117392 1006.56 1245.15  -1.00  -1.00  -1.000 -1.000  -1.000  -1.000  -1.000  -1.000  -1.000  -1.000  -1.000  -1.000  -1.000  -1.000  -1.000  -1.000  -1.000 -1 -1 -1 -1 -1 -1 
1236 64  43237 1452.11 1721.26   0.02   0.16  21.822  0.025  22.202  21.663  22.016   4.202   0.864  36.824   4.430   0.819  27.818  10.374   0.756   1.641   0.743 0 0 0 0 2 1 
1236 64 174970  180.47  944.51  -0.24  -0.22  22.525  0.028  22.677  22.270  22.435   4.750   0.600  52.365   5.183   0.452  51.828  10.265   0.396  51.078   0.409 0 0 0 1061990793478719 0 1 
1236 64 168048  204.25 2742.26   0.97  -0.63  22.549  0.026  22.549  21.858     nan   6.199   0.745   5.952   7.447   0.677   5.404  22.327   0.641   2.885   0.000 0 0 0 1061990793479759 0 1 
1236 64 101708  727.64 1089.22   0.22   0.25  22.965  0.031  22.964  22.525     nan   4.386   0.777  53.836   4.483   0.705  55.043   9.276   0.666  56.791   0.000 0 0 0 0 0 1 
1236 64 151607 1526.54 1495.88   0.25   0.10  21.689  0.025  21.710  21.177  21.698   5.883   0.633  33.929   6.856   0.534  33.321  16.668   0.473  32.974   0.050 0 0 0 0 0 1 
1236 64 139903 1925.55 2320.12  -0.00  -0.04  21.994  0.026  22.095  21.824  21.997   3.331   0.873   1.800   3.077   0.755  -3.446   4.601   0.730  -6.203   0.389 0 0 0 1061990793479502 0 1 
1236 64  14360 1254.20 3602.62  -0.16   0.09  22.963  0.032  22.962  22.800     nan   3.658   0.676 -75.617   3.480   0.436 -71.889   4.578   0.345 -68.226   0.000 0 0 0 0 0 1 
1236 64 128574  336.52 3371.75   0.14  -0.24  22.500  0.028  22.773  22.364  22.464   3.561   0.809 -72.628   3.692   0.658 -74.322   6.989   0.635 -77.025   0.700 0 0 0 0 0 1 
1236 64 130087 2011.96 3598.38   0.04   0.62     nan    nan     nan     nan  21.789   4.416   0.815  87.212     nan     nan     nan     nan     nan     nan     nan 0 0 0 1061990793480272 0 1 
1236 64  87005 1577.54 2342.31  -0.01  -0.02  21.312  0.025  21.350  21.153  21.318   3.015   0.975  80.376   2.507   0.969 -57.674   3.215   0.956 -31.694   0.199 0 0 0 1061990793479522 0 1 
1236 64  11067 1376.95 3972.26   0.05  -0.17     nan    nan     nan     nan     nan   3.319   0.721  54.874     nan     nan     nan     nan     nan     nan     nan 0 0 0 0 0 1 
1236 64 186858 1701.35 1354.54   0.06  -0.57  23.233  0.035  23.233  22.750  23.131   5.001   0.586 -79.383   5.429   0.446 -77.289  11.867   0.418 -75.486   0.000 0 0 0 0 0 1 
1236 64  34257 1947.96 2165.22   0.16   0.10  21.691  0.025  21.862  21.076  21.843   7.208   0.620  39.303   9.169   0.549  39.756  29.696   0.517  40.168   0.277 0 0 0 0 0 1 
1236 64  28621  639.52 1940.01  -0.01  -0.39  21.913  0.025  22.086  21.572  22.021   4.372   0.931 -39.267   4.900   0.877 -33.169  10.963   0.869 -32.507   0.380 0 0 0 1061990793479304 0 1 
1236 64 100970 1547.48  925.75   0.27   0.22  22.898  0.031  22.898  22.739     nan   3.472   0.933 -89.643   2.978   0.893 -83.791   3.745   0.852  88.964   0.000 0 0 0 0 0 1 
1236 64 157903 2008.91 3970.28   0.09  -0.28  22.312  0.027  22.312  21.984     nan   3.736   0.920   9.310   3.676   0.863   6.023   6.204   0.860   7.705   0.000 0 0 0 0 0 1 
1236 64  13278 1421.48 2713.54  -0.41   0.19  21.926  0.025  21.925  21.183  21.941   5.901   0.814   7.265   7.070   0.770   6.556  21.921   0.733   6.416   0.000 0 0 0 0 0 1 
1236 64  23365 1792.56   50.76   0.31   0.08  22.878  0.031  22.879  22.602     nan   3.765   0.876  34.373   3.525   0.787  26.892   5.726   0.703  29.484   0.000 0 0 0 0 0 1 
1236 64  61839 1954.46 3434.00  -1.00  -1.00  -1.000 -1.000  -1.000  -1.000  -1.000  -1.000  -1.000  -1.000  -1.000  -1.000  -1.000  -1.000  -1.000  -1.000  -1.000 -1 -1 -1 -1 -1 -1 
1236 64 155191   47.41 1617.75  -0.00  -0.11  19.334  0.024  19.417  18.928  19.381   5.563   0.793  44.701   6.674   0.735  44.144  15.002   0.698  43.905   0.193 0 0 0 0 0 1 
1236 64 112567 1556.97 3707.13   0.03   0.03  22.551  0.028  22.839  22.437  22.689   3.703   0.753  34.799   3.751   0.589  32.786   7.702   0.449  28.763   0.743 0 0 0 0 2 1 
1236 64 112321  203.59 1302.32  -0.05  -0.06  20.957  0.025  20.993  20.772  20.938   3.629   0.742  33.717   3.478   0.576  32.263   4.863   0.528  31.736   0.168 0 0 0 0 0 1 
1236 64  87189 1718.22 4005.91  -0.00  -0.07  22.876  0.031  22.876  22.808  22.910   3.135   0.698 -89.746   2.618   0.396 -86.749   2.647   0.298 -86.647   0.000 0 0 0 0 0 1 
1236 64 141776 1929.27 1796.96   0.12   0.04  22.939  0.032  23.000  22.794  22.951   3.994   0.616  56.661   4.025   0.383  57.758   5.959   0.262  59.457   0.301 0 0 0 0 0 1 
1236 64  68560 1917.96 1977.86  -0.05   0.01  22.549  0.027  22.549  22.052  22.547   4.884   0.711  82.403   5.407   0.607  82.343  12.507   0.527  81.551   0.000 0 0 0 0 0 1 
1236 64 104506 1569.26  268.76   0.37  -0.14  22.900  0.031  23.012  22.534  22.928   4.783   0.663  87.845   5.038   0.568  89.722  10.685   0.547 -89.483   0.267 0 0 0 0 0 1 
1236 64  19182 1551.23 3568.24  -0.04  -0.23  21.339  0.025  21.485  20.859  21.435   5.410   0.810 -69.416   6.469   0.746 -69.170  17.448   0.687 -67.660   0.279 0 0 0 1061990793480250 0 1 
1236 64 107677 1702.07 2081.21   0.00  -0.05  21.229  0.025  21.229  21.089  21.216   3.027   0.894  21.922   2.506   0.796  12.783   2.886   0.752   8.618   0.000 0 0 0 0 0 1 
1236 64  12632  685.97 3697.27   0.78   0.16  22.746  0.028  22.745  22.133     nan   5.940   0.613 -19.669   6.829   0.531 -19.374  18.004   0.491 -19.354   0.000 0 0 0 0 0 1 
1236 64  46769 1000.38 3725.72  -0.04  -0.21  22.463  0.028  22.462  22.306  22.519   3.155   0.899  50.361   2.631   0.844  50.716   3.187   0.810  54.987   0.000 0 0 0 0 0 1 
1236 64 108299  761.90 1254.11   0.01  -0.17  21.675  0.025  21.675  21.264  21.705   4.815   0.731 -42.360   5.315   0.602 -41.760  10.952   0.522 -42.340   0.000 0 0 0 0 0 1 
1236 64 105214 1832.85 2862.85  -0.46   0.03  22.711  0.029  22.712  22.289     nan   4.269   0.852  47.050   4.347   0.797  49.549   8.724   0.751  55.088   0.000 0 0 0 0 0 1 
1236 64  86980  543.92 2054.82  -0.00  -0.08  21.084  0.024  21.083  20.592  21.078   4.801   0.868 -31.092   5.419   0.796 -30.465  12.304   0.734 -31.081   0.000 0 0 0 1061990793479359 0 1 
1236 64 154575 1255.51 1274.96   0.32  -0.08  22.248  0.026  22.446  21.968  22.412   5.123   0.633 -23.212   5.881   0.485 -23.892  13.140   0.412 -24.737   0.459 0 0 0 0 0 1 
1236 64  88531 2017.32  262.78  -0.32   0.22  23.139  0.034  23.140  22.875     nan   4.550   0.600 -45.418   4.616   0.385 -45.466   7.589   0.300 -44.670   0.000 0 0 0 0 0 1 
1236 64    902  446.77 3987.53  -0.17  -0.12  21.171  0.025  21.170  20.505  21.204   5.817   0.820 -24.494   6.929   0.776 -24.416  19.627   0.732 -24.064   0.000 0 0 0 0 0 1 
1236 64 191287 1068.34  328.28   0.11  -0.38  22.025  0.026  22.123  21.574  22.197   4.597   0.932 -61.995   5.082   0.897 -48.417  12.035   0.866 -41.802   0.211 0 0 0 0 0 1 
1236 64 154169 1516.67 2928.56  -0.20   0.02  22.121  0.026  22.121  21.951  22.125   3.114   0.875  57.102   2.563   0.821  57.761   3.071   0.841  53.730   0.000 0 0 0 0 2 1 
1236 64 115026 1852.99 3892.96  -0.02  -0.03  20.037  0.025  20.101  19.731  20.046   3.952   0.971 -76.904   4.141   0.951 -62.832   7.513   0.928 -56.096   0.187 0 0 0 1061990793480477 0 1 
1236 64   6374  450.86 1300.27   0.87   1.15  22.020  0.026  22.019  21.788  22.006   3.626   0.755  45.458   3.388   0.606  44.008   4.938   0.549  43.819   0.000 0 0 0 0 0 1 
1236 64 149432 1787.28 3849.05   0.10   0.07  21.923  0.026  21.923  21.456  21.913   5.020   0.713 -24.670   5.600   0.597 -24.325  12.386   0.534 -24.239   0.000 0 0 0 0 0 1 
1236 64 147237 2018.45  382.73  -0.45   0.27  22.978  0.031  22.979  22.593     nan   4.595   0.673 -29.052   4.915   0.498 -31.267   9.684   0.420 -33.443   0.000 0 0 0 0 0 1 
1236 64 103290 1805.64 2184.88   0.11  -0.22  22.069  0.026  22.069  21.643  22.040   4.358   0.800  71.338   4.550   0.740  71.950   9.228   0.693  72.674   0.000 0 0 0 0 0 1 
1236 64 170157 1540.10 3113.59   0.34  -0.25  22.909  0.030  22.909  22.326     nan   5.050   0.747   0.367   5.620   0.656  -2.657  14.403   0.592  -4.790   0.000 0 0 0 0 0 1 
1236 64  91918 1579.20 1968.46   0.14  -0.11  20.963  0.024  20.963  20.527  20.979   6.087   0.536 -27.723   7.251   0.393 -27.227  16.003   0.313 -27.158   0.000 0 0 0 0 0 1 
1236 64  23840  753.47 1710.70  -0.41  -0.17  22.337  0.026  22.336  21.870     nan   4.766   0.700  51.267   5.227   0.588  51.160  11.633   0.515  51.053   0.000 0 0 0 0 0 1 
