# Visit  CCD  FakeID  FakeX  FakeY   DiffX   DiffY   CmodMag   CmodErr  ExpMag  DevMag  KronMag  SdssR  SdssBa  SdssPa  ExpR  ExpBa  ExpPa  DevR  DevBa  DevPa  fracDev  SdssMiter ExpMiter DevMiter parentID  nChild  extended
1236 51 116685  281.34 2190.02  -0.09   0.02  22.850  0.030  22.851  22.690  22.780   3.124   0.932 -57.550   2.712   0.850 -47.573   3.360   0.788 -42.828   0.010 0 0 0 1061934958904558 0 1 
1236 51  29377  609.49 3755.03   0.07  -0.04  20.921  0.024  20.956  20.372  20.939   4.853   0.987 -70.381   5.558   0.986 -55.912  13.837   0.980 -45.695   0.075 0 0 0 0 0 1 
1236 51 130459 1843.14  418.08   0.00   0.08  21.915  0.024  22.026  21.740  21.970   3.336   0.876 -89.565   3.144   0.762 -86.144   4.812   0.747 -89.978   0.406 0 0 0 0 3 1 
1236 51 167926 1603.79  938.76  -0.52   0.06  22.862  0.029  22.874  22.590  22.796   3.672   0.836 -30.925   3.545   0.732 -30.329   5.591   0.688 -31.376   0.046 0 0 0 0 0 1 
1236 51  28880 1521.32 1254.48   0.01  -0.07  20.131  0.023  20.192  19.722  20.159   4.597   0.977  41.010   5.141   0.975  22.127  10.933   0.971   2.257   0.147 0 0 0 0 0 1 
1236 51  58088 2004.15 2751.57  -0.15   0.43  22.732  0.029  22.731  22.603  22.701   2.886   0.901 -87.614   2.353   0.792 -77.103   2.725   0.701 -70.945   0.000 0 0 0 0 0 1 
1236 51  71791   57.19  161.76   0.25  -0.20  23.091  0.032  23.090  22.775  23.071   3.492   0.886  74.684   3.342   0.837  80.873   5.590   0.792  83.720   0.000 0 0 0 1061934958903395 0 1 
1236 51 189496 1694.76 1725.94   0.10  -0.30     nan    nan     nan     nan  21.746   4.870   0.968  21.067     nan     nan     nan     nan     nan     nan     nan 0 0 0 1061934958904292 0 1 
1236 51  64119 1397.62 3258.72  -0.05  -0.09  21.162  0.023  21.179  21.031  21.143   2.882   0.961  83.674   2.268   0.958 -70.407   2.581   0.957 -55.953   0.115 0 0 0 0 0 1 
1236 51  54528  653.42  608.02   0.02  -0.10  21.993  0.024  21.993  21.736  22.013   3.389   0.955  46.579   3.123   0.930  34.087   4.707   0.884  29.269   0.000 0 0 0 0 0 1 
1236 51 163164 1408.40 1217.83  -0.01  -0.04  20.436  0.023  20.476  20.132  20.441   3.730   0.997  21.454   3.812   0.971 -10.689   6.637   0.947 -12.412   0.128 0 0 0 0 0 1 
1236 51 163144 1942.03 1722.83   0.09  -0.20  21.962  0.025  21.962  21.786  21.929   2.979   0.963  44.655   2.433   0.946  19.811   3.020   0.925  16.994   0.000 0 0 0 0 0 1 
1236 51 111723  865.24 2797.12   0.17  -0.21  22.067  0.025  22.067  21.611  22.040   4.814   0.727 -53.115   5.290   0.624 -51.635  11.482   0.560 -50.468   0.000 0 0 0 0 0 1 
1236 51 188934  217.78 2472.23   0.16   0.14  23.317  0.036  23.316  22.971  23.322   3.880   0.771 -89.873   3.733   0.700  82.586   6.521   0.678  68.973   0.000 0 0 0 1061934958904740 0 1 
1236 51 160920 1782.05 2792.46   0.02   0.08  21.893  0.024  21.892  21.393     nan   4.504   0.957  73.297   4.786   0.963  71.073  10.527   0.972  57.703   0.000 0 0 0 0 0 1 
1236 51 111939  361.18  265.41  -0.05  -0.21  22.548  0.026  22.547  22.164  22.518   3.917   0.829  37.659   3.950   0.754  31.111   7.444   0.711  26.709   0.000 0 0 0 0 0 1 
1236 51 160119   98.84 1149.29   0.06  -0.13  22.582  0.027  22.581  22.048  22.583   4.438   0.883  72.058   4.819   0.841  67.089  11.151   0.819  62.411   0.000 0 0 0 0 0 1 
1236 51 134117  227.57  323.79  -0.06  -0.31  22.644  0.026  22.933  22.298  22.945   4.822   0.840  -6.150   5.748   0.759  -2.347  15.624   0.687   1.763   0.519 0 0 0 1061934958903482 0 1 
1236 51  10982  191.10 3450.08   0.32   0.20     nan    nan     nan     nan     nan   3.349   0.823  69.088     nan     nan     nan     nan     nan     nan     nan 0 0 0 0 0 1 
1236 51 180277 1815.08 3448.19   0.05  -0.02  22.695  0.029  22.695  22.515     nan   3.133   0.915  51.474   2.669   0.868  41.985   3.454   0.803  40.894   0.000 0 0 0 0 0 1 
1236 51 159581 1778.54 3596.49  -0.06  -0.09  22.250  0.026  22.249  22.036     nan   3.295   0.923  21.437   2.943   0.857  17.305   4.119   0.784  25.802   0.000 0 0 0 0 0 1 
1236 51 201000 1409.30 2162.54  -0.57   0.20  21.692  0.024  22.184  21.693  21.888   4.849   0.565 -26.345   5.903   0.411 -27.463  12.384   0.411 -28.919   1.000 0 0 0 1061934958904562 0 1 
1236 51  96693  649.23  404.14   0.02  -0.61  22.105  0.025  22.105  21.745  22.094   4.044   0.785 -80.036   4.100   0.693 -79.067   7.532   0.652 -79.082   0.000 0 0 0 1061934958903531 0 1 
1236 51   7654 1962.83 3339.10  -0.22  -0.19  22.880  0.030  22.879  22.712  23.931   3.115   0.963  -1.757   2.674   0.886  -7.776   3.381   0.835 -14.592   0.000 0 0 0 0 0 1 
1236 51 113106 1626.79 2980.32  -0.25   0.20     nan    nan     nan     nan  20.799   4.914   0.995 -41.793     nan     nan     nan     nan     nan     nan     nan 0 0 0 1061934958905202 0 1 
1236 51  17934  417.89 3238.36  -0.16  -0.24  23.204  0.034  23.276  22.883     nan   3.687   0.910  -0.378   3.561   0.875   5.555   6.571   0.867  26.434   0.209 0 0 0 0 0 1 
1236 51  98881  857.61 1910.59   0.11  -0.15  23.052  0.033  23.079  22.948  23.023   3.015   0.864  56.497   2.427   0.767  52.076   2.620   0.788  42.920   0.207 0 0 0 0 0 1 
1236 51  48270 1365.46 3798.82   0.10  -0.18  22.960  0.031  22.959  22.691     nan   3.405   0.920  71.965   3.042   0.915  72.973   4.511   0.946  86.868   0.000 0 0 0 0 0 1 
1236 51 107637 1782.00  969.57   0.22  -0.10  22.878  0.029  22.878  22.593  22.862   3.426   0.977  35.904   3.127   0.972 -18.469   4.931   0.943 -55.967   0.000 0 0 0 0 0 1 
1236 51 152619  430.63 1853.73  -0.26  -0.41     nan    nan     nan     nan     nan   3.043   0.921  35.521     nan     nan     nan     nan     nan     nan     nan 0 0 0 0 0 1 
1236 51  84182 1395.05 2188.98   0.37   0.59     nan    nan     nan     nan  20.960   5.489   0.882  71.770     nan     nan     nan     nan     nan     nan     nan 0 0 0 1061934958904562 0 1 
1236 51   5679  861.40 1315.57  -0.35   0.01  21.391  0.023  21.993  21.142  21.851   5.435   0.918 -37.300   6.547   0.949 -56.237  22.062   0.930 -62.123   0.776 0 0 0 1061934958904061 0 1 
1236 51  92777 1101.37 3519.15  -0.04  -0.46  23.023  0.031  23.022  22.556  23.064   4.213   0.863 -19.879   4.473   0.791 -23.235   9.577   0.740 -30.087   0.000 0 0 0 1061934958905379 0 1 
1236 51 106678  816.42 3888.02  -0.23   0.13  22.326  0.026  22.355  22.171  22.298   3.081   0.934 -82.735   2.646   0.889 -71.642   3.441   0.816 -70.208   0.161 0 0 0 0 0 1 
1236 51 102060  713.70 2789.23  -0.13  -0.07  21.442  0.024  21.446  21.242  21.421   3.185   0.932  45.537   2.744   0.905  33.749   3.571   0.908  21.083   0.024 0 0 0 0 0 1 
1236 51 153297  394.14 1624.12   0.08  -0.15  21.577  0.024  21.577  21.073  21.599   4.535   0.937   3.820   4.999   0.897  -0.455  11.257   0.867  -3.572   0.000 0 0 0 0 0 1 
1236 51 197121  314.89  996.49   1.11   0.71  21.765  0.024  21.764  21.050  21.741   7.120   0.641 -20.854   8.511   0.579 -17.690  25.976   0.544 -14.085   0.000 0 0 0 0 2 1 
1236 51 177915 1465.47 3875.69  -0.41  -0.47  22.751  0.029  22.949  22.649  22.826   3.356   0.882  76.671   3.300   0.770  89.561   5.745   0.591 -78.945   0.679 0 0 0 1061934958905604 0 1 
1236 51  10899  857.05 4142.86  -0.05   0.14  22.197  0.026  22.236  22.014  22.263   3.288   0.916  84.602   2.905   0.886  88.202   3.943   0.879  88.478   0.186 0 0 0 0 0 1 
1236 51  46567  583.07 1864.82  -0.07  -0.24  22.112  0.025  22.151  21.683  22.106   4.108   0.961   4.452   4.302   0.953   7.305   9.006   0.943  15.929   0.098 0 0 0 0 0 1 
1236 51 130792   75.44 2229.77   0.04  -0.07  20.493  0.024  20.554  20.119  20.504   4.205   0.994  89.599   4.529   0.987 -42.382   9.170   0.972 -53.575   0.160 0 0 0 0 2 1 
1236 51  74749  205.73 1659.96  -0.16  -0.23  22.774  0.027  22.773  22.126  22.760   4.955   0.848  33.523   5.601   0.780  31.192  15.606   0.718  30.477   0.000 0 0 0 0 0 1 
1236 51  51500 1090.03  837.17  -0.07  -0.03  21.560  0.024  21.560  21.219  21.552   3.677   0.991  57.222   3.597   0.984 -17.097   6.262   0.953 -20.788   0.000 0 0 0 0 0 1 
1236 51  85027  302.12 3902.85  -0.09  -0.07  20.553  0.024  20.885  20.337  20.722   4.598   0.895  76.071   5.801   0.775  77.487  14.227   0.692  79.230   0.652 0 0 0 0 2 1 
1236 51 170877  597.78  514.47   0.15  -0.68  22.488  0.025  22.488  21.826     nan   5.191   0.863  83.364   5.730   0.850  79.311  15.700   0.849  71.163   0.000 0 0 0 0 0 1 
1236 51  18797 1525.29 2600.24   0.25   0.16  23.184  0.031  23.183  22.546     nan   4.480   0.956  20.676   4.864   0.913   5.063  13.092   0.889   1.933   0.000 0 0 0 0 0 1 
1236 51  73663   20.73  550.17   0.27  -0.17  22.335  0.026  22.334  22.192     nan   2.961   0.932 -54.377   2.465   0.829 -46.878   2.879   0.790 -49.289   0.000 0 0 0 0 0 1 
1236 51 118059  626.98 4150.53   0.02  -0.53  22.622  0.027  22.693  22.260     nan   4.223   0.804 -78.376   4.513   0.708 -77.929   9.383   0.624 -78.105   0.192 0 0 0 0 0 1 
1236 51 149304  918.97 1960.33   0.17   0.20  22.219  0.025  22.219  21.666  22.229   4.432   0.957 -55.302   4.779   0.964 -44.660  11.184   0.979 -34.583   0.000 0 0 0 0 0 1 
1236 51  77662 1141.23 1801.01  -0.13   0.02  22.937  0.031  22.978  22.752  22.908   3.101   0.965  73.081   2.652   0.968  83.747   3.727   0.903 -78.346   0.192 0 0 0 1061934958904345 0 1 
