# Visit  CCD  FakeID  FakeX  FakeY   DiffX   DiffY   CmodMag   CmodErr  ExpMag  DevMag  KronMag  SdssR  SdssBa  SdssPa  ExpR  ExpBa  ExpPa  DevR  DevBa  DevPa  fracDev  SdssMiter ExpMiter DevMiter parentID  nChild  extended
1236 73 134523  728.48  392.40  -0.18  -0.13  22.455  0.021  22.505  22.016  22.389   4.297   0.962  83.236   4.645   0.948 -76.850  10.362   0.890 -65.454   0.119 0 0 0 1062029448184028 0 1 
1236 73 102668  106.60  262.61  -0.78   0.24  22.614  0.022  22.614  22.287  22.672   3.732   0.889  -9.764   3.702   0.781 -13.881   6.591   0.709 -16.567   0.000 0 0 0 0 0 1 
1236 73 109763  703.90 3231.22  -0.10  -0.09  21.584  0.018  21.621  21.035  21.618   4.809   0.929 -14.719   5.437   0.912 -17.848  13.539   0.899 -21.258   0.080 0 0 0 0 0 1 
1236 73   7031  647.00 1265.50   0.07  -0.31  22.110  0.019  22.236  21.720  22.151   4.307   0.948  84.946   4.640   0.947  78.501  10.325   0.946  78.618   0.282 0 0 0 0 2 1 
1236 73  80708  602.57  736.64   0.03  -0.10  20.688  0.018  20.760  20.545  20.695   3.047   0.964  72.803   2.592   0.962 -77.734   3.456   0.939 -58.499   0.339 0 0 0 0 0 1 
1236 73 181356  503.54   53.95   0.33  -0.09  22.022  0.019  22.098  21.448  22.156   5.195   0.887  11.463   5.902   0.873   9.789  15.712   0.876   7.754   0.146 0 0 0 0 0 1 
1236 73 155065  632.40 2597.03   0.21   0.20  22.737  0.023  23.229  22.676  23.141   3.624   0.893  -9.184   3.614   0.844 -14.447   8.643   0.766 -52.515   0.906 0 0 0 0 2 1 
1236 73 166506 1085.95 1531.70  -0.01  -0.05  19.910  0.017  20.049  19.612  19.985   4.331   0.973  17.728   4.849   0.957   8.810   9.775   0.946  -0.450   0.344 0 0 0 1062029448184691 0 1 
1236 73  94482  488.24 3622.54   0.08  -0.04  19.445  0.017  19.495  19.012  19.465   4.731   0.991 -87.381   5.425   0.991 -58.263  11.874   0.977 -35.014   0.117 0 0 0 0 0 1 
1236 73  44191 1635.13 3273.74   0.08   0.18     nan    nan     nan     nan  21.891   4.029   0.981   2.574     nan     nan     nan     nan     nan     nan     nan 0 0 0 1062029448185741 0 1 
1236 73 125133 1386.82 2443.81  -0.07   0.00  21.906  0.019  21.937  21.389  21.896   4.607   0.927 -79.410   5.100   0.907 -80.279  12.068   0.888 -83.229   0.070 0 0 0 0 0 1 
1236 73  45879 1094.41 3113.77  -0.01  -0.11  22.247  0.020  22.247  21.807  22.241   3.884   0.976  51.694   3.960   0.974  49.522   8.024   0.962  43.088   0.000 0 0 0 0 0 1 
1236 73  79838  596.32  122.51   0.06  -0.05  19.901  0.017  19.986  19.513  19.946   4.591   0.979  52.994   5.146   0.988  64.729  10.959   0.990 -59.317   0.203 0 0 0 0 0 1 
1236 73  56832 1027.47 3634.98  -0.73   0.52  23.139  0.030  23.384  23.102  23.142   2.990   0.833  58.133   2.823   0.653  60.607   4.646   0.511  65.175   0.876 0 0 0 1062029448185960 0 1 
1236 73  89908 1822.09 1607.55   0.03  -0.07  20.002  0.017  20.090  19.597  20.042   4.645   0.979 -72.653   5.300   0.967 -57.060  11.703   0.950 -49.621   0.203 0 0 0 0 0 1 
1236 73  33999 1856.96 3706.76   0.03   0.08  23.057  0.027  23.056  22.688     nan   3.615   0.883 -67.963   3.564   0.801 -64.427   6.573   0.745 -62.879   0.000 0 0 0 1062029448185983 0 1 
1236 73  47773 1985.71 2423.96  -1.00  -1.00  -1.000 -1.000  -1.000  -1.000  -1.000  -1.000  -1.000  -1.000  -1.000  -1.000  -1.000  -1.000  -1.000  -1.000  -1.000 -1 -1 -1 -1 -1 -1 
1236 73 153939 1346.13 2462.32   0.01  -0.32  23.055  0.028  23.055  22.942  22.859   3.016   0.821  61.768   2.432   0.702  62.287   2.622   0.664  64.065   0.000 0 0 0 0 0 1 
1236 73   6038  912.41 3825.32   0.28  -0.11  22.556  0.021  22.946  22.339  22.864   4.428   0.972  16.437   4.901   0.938  24.990  12.235   0.919  24.255   0.697 0 0 0 0 0 1 
1236 73 194043 1833.86 1859.99   0.12   0.06  22.193  0.019  22.383  21.821  22.248   4.634   0.862 -12.192   5.292   0.783 -18.930  12.973   0.719 -23.677   0.388 0 0 0 0 0 1 
1236 73  84160  354.54  771.87   0.07  -0.03  22.290  0.021  22.422  22.189  22.315   3.022   0.940  10.250   2.567   0.910  -1.001   3.494   0.907 -19.464   0.577 0 0 0 0 0 1 
1236 73  40159   70.94 2750.93   0.26  -0.06  22.816  0.025  22.816  22.655  22.851   3.204   0.798  82.289   2.822   0.634  83.958   3.621   0.527  82.637   0.000 0 0 0 0 0 1 
1236 73 118821 1875.81  658.85  -0.05  -0.08  22.252  0.020  22.252  21.820  24.235   4.136   0.990   7.696   4.227   0.966   3.853   8.647   0.936  15.061   0.000 0 0 0 0 0 1 
1236 73 187254 1984.54 1797.25  -0.03  -0.21  22.591  0.023  22.680  22.439  22.489   2.804   0.988 -79.822   2.280   0.946 -48.806   3.203   0.917 -60.676   0.386 0 0 0 0 0 1 
1236 73 146686  869.52 3631.34   0.17   0.17     nan    nan     nan     nan     nan   2.989   0.940   6.324     nan     nan     nan     nan     nan     nan     nan 0 0 0 1062029448185951 0 1 
1236 73  14522  710.37 2158.94   0.21  -0.18  22.672  0.023  22.704  22.439  25.082   3.629   0.822  73.826   3.443   0.739  77.580   5.252   0.691  83.909   0.127 0 0 0 0 0 1 
1236 73 106564 1398.62 2091.37  -1.00  -1.00  -1.000 -1.000  -1.000  -1.000  -1.000  -1.000  -1.000  -1.000  -1.000  -1.000  -1.000  -1.000  -1.000  -1.000  -1.000 -1 -1 -1 -1 -1 -1 
1236 73 195594 1942.89 1641.23   0.09  -0.03  21.497  0.018  21.497  21.180  21.467   3.526   0.964  88.154   3.395   0.945 -86.274   5.606   0.929 -84.073   0.002 0 0 0 0 0 1 
1236 73 178483 1324.50 3145.06  -0.09   0.32     nan    nan     nan     nan     nan   3.129   0.895  66.411     nan     nan     nan     nan     nan     nan     nan 0 0 0 0 0 1 
1236 73  73319 1433.66 3376.39  -0.43   1.41  21.887  0.018  21.887  21.302  21.843   5.102   0.732 -85.901   5.912   0.649 -84.949  15.354   0.584 -84.247   0.000 0 0 0 0 2 1 
1236 73  26122  664.14 2063.05  -0.13   0.07  22.884  0.026  22.919  22.686  22.926   3.220   0.877 -88.619   2.822   0.804 -84.729   3.973   0.764 -81.930   0.155 0 0 0 0 0 1 
1236 73  90843 1604.04 3595.60   0.06  -0.46  22.911  0.025  23.069  22.763  23.012   3.404   0.872  62.970   3.274   0.763  68.442   5.477   0.664  73.568   0.539 0 0 0 1062029448185942 0 1 
1236 73  90834 1784.47  234.66   0.03   0.06  22.783  0.025  22.783  22.653  22.778   2.808   0.978  23.106   2.161   0.933  -0.026   2.509   0.838   3.486   0.000 0 0 0 0 0 1 
1236 73  62200 1517.05  160.53  -1.00  -1.00  -1.000 -1.000  -1.000  -1.000  -1.000  -1.000  -1.000  -1.000  -1.000  -1.000  -1.000  -1.000  -1.000  -1.000  -1.000 -1 -1 -1 -1 -1 -1 
1236 73 112954  401.39  786.05   0.13   0.02     nan    nan     nan     nan     nan   0.289   1.000   0.000     nan     nan     nan     nan     nan     nan     nan 0 0 0 0 0 1 
1236 73  63996  555.88 1241.46   0.12  -0.04  22.663  0.023  22.696  22.411  22.689   3.487   0.936  86.187   3.283   0.883 -82.967   5.090   0.867 -77.602   0.124 0 0 0 0 0 1 
1236 73 166029 1346.90 3331.30   0.15  -0.08  22.389  0.020  22.783  22.167  22.571   4.747   0.747 -86.524   5.456   0.670 -87.744  13.939   0.644 -86.958   0.694 0 0 0 1062029448185796 0 1 
1236 73  90461  696.75 2289.30  -0.24   0.26  22.956  0.024  22.956  22.342  23.006   4.514   0.905  22.634   4.895   0.884  25.463  12.532   0.864  28.556   0.000 0 0 0 0 0 1 
1236 73 124487 1334.46 1662.10   0.10  -0.08  20.686  0.017  20.820  20.287  20.772   4.638   0.957 -86.291   5.286   0.940 -77.218  12.328   0.919 -63.611   0.289 0 0 0 0 2 1 
1236 73 123271  291.62 2974.07  -0.25   0.10  22.432  0.021  22.432  22.159  23.614   3.400   0.983 -36.995   3.132   0.959 -35.463   4.834   0.950 -44.477   0.000 0 0 0 1062029448185589 0 1 
1236 73 119156  395.10 2609.39   0.31  -0.15  22.738  0.023  22.738  22.405  22.722   4.066   0.755 -86.275   4.139   0.649 -84.559   7.270   0.600 -84.135   0.000 0 0 0 1062029448185342 0 1 
1236 73  24961 1327.55  731.47   0.30   0.00  21.982  0.019  22.138  21.715  22.204   4.841   0.687 -28.573   5.390   0.559 -27.802  11.083   0.487 -26.981   0.403 0 0 0 0 0 1 
1236 73  78507   82.19  520.57  -0.21  -0.03  22.069  0.019  22.448  22.036  22.290   3.665   0.892 -19.945   4.196   0.728 -27.414   8.293   0.632 -28.298   0.929 0 0 0 0 3 1 
1236 73  17551 1752.69 3797.75   0.58   0.15  22.114  0.019  22.142  21.631  22.038   4.315   0.861  22.121   4.801   0.779  20.317  11.039   0.721  18.391   0.065 0 0 0 0 0 1 
1236 73 152196  360.71 1034.59  -0.08   0.07  21.101  0.018  21.314  20.774  21.297   4.734   0.902 -70.731   5.428   0.872 -64.532  12.688   0.848 -59.842   0.443 0 0 0 0 0 1 
1236 73  18258  576.41 1020.70  -0.13  -0.13  22.120  0.019  22.137  21.678  22.086   4.023   0.926  13.684   4.212   0.902   8.083   8.641   0.907   4.622   0.044 0 0 0 0 0 1 
1236 73 127463  277.20 1058.59   0.04  -0.32  22.733  0.022  22.733  22.264  22.727   4.195   0.949  89.648   4.289   0.929 -82.165   9.224   0.899 -75.346   0.000 0 0 0 0 0 1 
1236 73 134727 1084.63 2571.32  -0.11  -0.26  23.032  0.028  23.032  22.947  23.070   2.885   0.830   3.069   2.308   0.633  -0.420   2.352   0.569  -0.701   0.000 0 0 0 1062029448185316 0 1 
1236 73  48193 1157.07 1199.63  -0.11  -0.02  22.113  0.019  22.259  21.785  22.210   4.113   0.923 -70.288   4.364   0.894 -59.950   9.221   0.873 -48.199   0.347 0 0 0 0 0 1 
1236 73  49313 1467.05 1517.76  -1.00  -1.00  -1.000 -1.000  -1.000  -1.000  -1.000  -1.000  -1.000  -1.000  -1.000  -1.000  -1.000  -1.000  -1.000  -1.000  -1.000 -1 -1 -1 -1 -1 -1 
