# Visit  CCD  FakeID  FakeX  FakeY   DiffX   DiffY   CmodMag   CmodErr  ExpMag  DevMag  KronMag  SdssR  SdssBa  SdssPa  ExpR  ExpBa  ExpPa  DevR  DevBa  DevPa  fracDev  SdssMiter ExpMiter DevMiter parentID  nChild  extended
1236 73 107318  358.00 1927.93   0.10  -0.21  22.147  0.020  22.147  21.855  22.092   3.311   0.944  62.053   3.034   0.928  72.532   4.753   0.916  67.845   0.000 0 0 0 1062029448184924 0 1 
1236 73  32672   56.53 3472.48   0.06  -0.05  20.483  0.018  20.753  20.178  20.668   4.592   0.977 -71.767   5.246   0.964 -63.846  13.038   0.910 -79.415   0.521 0 0 0 0 2 1 
1236 73 147468 1574.35 2129.72  -0.85   1.29  21.042  0.018  21.042  20.548  21.046   6.098   0.539 -68.703   7.147   0.425 -67.831  16.964   0.353 -67.129   0.000 0 0 0 0 2 1 
1236 73 117392 1006.56 1245.15  -0.50  -0.09  22.940  0.024  23.169  22.486  23.260   4.488   0.877  38.287   5.036   0.837  30.482  13.847   0.826  27.071   0.401 0 0 0 0 0 1 
1236 73  43237 1452.11 1721.26  -0.05  -0.06  22.391  0.021  22.400  22.048     nan   3.777   0.908 -70.265   3.725   0.884 -73.467   6.459   0.888 -79.792   0.028 0 0 0 0 0 1 
1236 73 174970  180.47  944.51   0.07   0.05  22.713  0.023  22.785  22.438  22.823   3.556   0.947  59.829   3.425   0.945  54.543   5.913   0.925  44.171   0.225 0 0 0 1062029448184376 0 1 
1236 73 168048  204.25 2742.26  -1.00  -1.00  -1.000 -1.000  -1.000  -1.000  -1.000  -1.000  -1.000  -1.000  -1.000  -1.000  -1.000  -1.000  -1.000  -1.000  -1.000 -1 -1 -1 -1 -1 -1 
1236 73 101708  727.64 1089.22   0.08   0.35  22.691  0.022  22.691  22.198  24.182   4.587   0.896 -58.650   4.912   0.831 -56.387  11.211   0.756 -55.646   0.000 0 0 0 0 0 1 
1236 73 151607 1526.54 1495.88   0.06  -0.21  21.835  0.018  21.835  21.318  21.841   4.380   0.951  -8.073   4.865   0.903  -7.767  11.206   0.861  -8.843   0.000 0 0 0 0 0 1 
1236 73 139903 1925.55 2320.12   0.08  -0.03  22.154  0.020  22.189  21.986  22.141   2.909   0.971  69.638   2.370   0.971  79.820   3.121   0.930  54.859   0.175 0 0 0 0 0 1 
1236 73  14360 1254.20 3602.62   0.87  -0.05  22.578  0.022  22.580  22.260  22.587   3.762   0.887  24.042   3.542   0.878  21.029   5.778   0.899  20.726   0.010 0 0 0 1062029448185946 0 1 
1236 73 128574  336.52 3371.75   0.18  -0.26  22.860  0.025  22.945  22.648  22.769   3.097   0.892  33.022   2.792   0.800  25.326   4.506   0.728  17.502   0.305 0 0 0 0 0 1 
1236 73 130087 2011.96 3598.38   0.04  -0.38  21.876  0.019  21.905  21.407  21.909   4.526   0.904  11.790   4.700   0.894  15.959  10.352   0.877  11.042   0.070 0 0 0 0 0 1 
1236 73  87005 1577.54 2342.31   0.01  -0.03  21.341  0.018  21.341  21.160  21.325   3.034   0.956  64.348   2.517   0.958  70.332   3.126   0.957  80.264   0.000 0 0 0 0 0 1 
1236 73  11067 1376.95 3972.26   0.22  -0.06  22.538  0.022  22.538  22.240  27.865   3.620   0.924 -66.457   3.394   0.906 -60.032   5.429   0.917 -60.067   0.000 0 0 0 0 0 1 
1236 73 186858 1701.35 1354.54   0.18  -0.05     nan    nan     nan     nan     nan  10.893   0.394 -52.614     nan     nan     nan     nan     nan     nan     nan 0 0 0 0 3 1 
1236 73  34257 1947.96 2165.22  -0.05  -0.02  21.969  0.019  21.969  21.472  21.956   4.279   0.935 -88.839   4.586   0.918 -81.046  10.135   0.903 -75.980   0.000 0 0 0 0 0 1 
1236 73  28621  639.52 1940.01  -0.05  -0.02  22.401  0.020  22.401  21.957  22.374   3.751   0.981  42.422   3.758   0.998 -84.521   7.654   0.981 -50.812   0.000 0 0 0 0 0 1 
1236 73 100970 1547.48  925.75  -0.01  -0.25  22.731  0.023  22.731  22.474  22.730   3.402   0.954  26.168   3.098   0.927   8.631   4.605   0.910   2.910   0.000 0 0 0 0 0 1 
1236 73 157903 2008.91 3970.28   0.09  -0.28  21.189  0.018  21.986  21.150  21.586   4.171   0.952 -44.860   5.394   0.757 -49.641  23.538   0.375 -47.074   0.964 0 0 0 0 2 1 
1236 73  13278 1421.48 2713.54   0.11   0.21     nan    nan     nan     nan  21.954   4.556   0.891  -1.478     nan     nan     nan     nan     nan     nan     nan 0 0 0 1062029448185395 0 1 
1236 73  23365 1792.56   50.76  -0.03  -0.45  23.123  0.029  23.153  22.869  23.129   3.371   0.897 -47.467   3.208   0.780 -44.566   5.079   0.717 -39.834   0.116 0 0 0 0 0 1 
1236 73  61839 1954.46 3434.00  -0.09  -0.08  22.706  0.022  22.809  22.353     nan   4.242   0.911 -58.663   4.519   0.847 -65.685   9.589   0.780 -68.545   0.257 0 0 0 1062029448185842 0 1 
1236 73 155191   47.41 1617.75   0.01  -0.06     nan    nan     nan     nan  19.353   4.301   0.991  87.586     nan     nan     nan     nan     nan     nan     nan 0 0 0 1062029448184762 0 1 
1236 73 112567 1556.97 3707.13   0.36  -0.78  22.597  0.022  22.597  22.212  25.501   3.865   0.824 -52.101   3.957   0.723 -51.703   7.504   0.676 -52.781   0.000 0 0 0 0 0 1 
1236 73 112321  203.59 1302.32  -0.01   0.06  20.893  0.018  20.976  20.729  20.896   3.118   0.969  78.281   2.818   0.935 -81.649   4.066   0.891 -80.091   0.348 0 0 0 1062029448184554 0 1 
1236 73  87189 1718.22 4005.91   0.04   0.04  22.828  0.025  22.847  22.733  22.873   2.707   0.977  51.940   2.041   0.950  44.163   2.200   0.893  47.835   0.163 0 0 0 0 0 1 
1236 73 141776 1929.27 1796.96   0.17  -0.08  22.902  0.025  22.902  22.562  22.901   3.387   0.891  19.172   3.181   0.822  16.149   5.495   0.788  15.987   0.000 0 0 0 1062029448184844 0 1 
1236 73  68560 1917.96 1977.86   0.03   0.06  22.603  0.022  22.603  22.221  22.608   4.060   0.877  44.304   4.125   0.802  41.156   8.228   0.691  38.626   0.000 0 0 0 0 0 1 
1236 73 104506 1569.26  268.76   0.19   0.00  22.770  0.023  22.990  22.528  22.659   3.957   0.893  54.735   4.180   0.823  61.322   8.876   0.749  65.218   0.520 0 0 0 0 0 1 
1236 73  19182 1551.23 3568.24   0.18  -0.06  21.478  0.018  21.478  20.841  21.483   5.023   0.940  46.594   5.743   0.938  37.469  15.276   0.932  28.643   0.000 0 0 0 0 0 1 
1236 73 107677 1702.07 2081.21   0.06  -0.02  21.257  0.018  21.272  21.146  21.230   2.778   0.965  83.721   2.160   0.938 -72.315   2.344   0.919 -61.834   0.113 0 0 0 0 0 1 
1236 73  12632  685.97 3697.27  -0.21  -0.76  22.095  0.019  22.223  21.498  22.193   5.892   0.793  -7.558   7.593   0.686  -6.110  23.814   0.598  -5.952   0.223 0 0 0 0 2 1 
1236 73  46769 1000.38 3725.72  -0.14  -0.05  21.901  0.019  22.318  21.875  22.070   3.237   0.900  39.905   3.179   0.815  45.649   6.839   0.653  58.325   0.947 0 0 0 1062029448186000 0 1 
1236 73 108299  761.90 1254.11   0.13  -0.07  21.628  0.018  21.714  21.291  21.649   3.864   0.978  39.604   3.959   0.986  21.257   7.658   0.995 -17.391   0.227 0 0 0 0 0 1 
1236 73 105214 1832.85 2862.85  -0.02   0.20  22.537  0.021  22.537  21.987  22.433   4.316   0.947  37.094   4.558   0.966  33.888  10.581   0.992 -58.777   0.000 0 0 0 0 0 1 
1236 73  86980  543.92 2054.82   0.02  -0.01  21.053  0.018  21.088  20.584  21.045   4.427   0.977 -76.838   4.926   0.967 -55.930  11.039   0.949 -45.115   0.081 0 0 0 0 0 1 
1236 73 154575 1255.51 1274.96  -0.21   0.08  22.227  0.020  22.369  21.880     nan   5.030   0.780  30.970   5.625   0.690  31.083  12.643   0.626  31.523   0.327 0 0 0 0 2 1 
1236 73  88531 2017.32  262.78  -1.00  -1.00  -1.000 -1.000  -1.000  -1.000  -1.000  -1.000  -1.000  -1.000  -1.000  -1.000  -1.000  -1.000  -1.000  -1.000  -1.000 -1 -1 -1 -1 -1 -1 
1236 73    902  446.77 3987.53  -1.00  -1.00  -1.000 -1.000  -1.000  -1.000  -1.000  -1.000  -1.000  -1.000  -1.000  -1.000  -1.000  -1.000  -1.000  -1.000  -1.000 -1 -1 -1 -1 -1 -1 
1236 73 191287 1068.34  328.28   0.10   0.05  21.942  0.019  22.122  21.445  22.110   4.654   0.925  48.719   5.402   0.904  39.299  14.968   0.885  28.732   0.324 0 0 0 0 0 1 
1236 73 154169 1516.67 2928.56  -0.01  -0.08  22.182  0.020  22.182  22.035  22.203   2.915   0.965  15.983   2.343   0.928   2.754   2.721   0.918  13.198   0.000 0 0 0 0 0 1 
1236 73 115026 1852.99 3892.96   0.02  -0.03  19.992  0.017  20.048  19.671  20.008   3.998   0.978  11.397   4.241   0.957   3.479   7.782   0.948   0.399   0.162 0 0 0 0 0 1 
1236 73   6374  450.86 1300.27  -0.07  -0.04  22.626  0.023  22.670  22.407  22.638   3.258   0.922  58.230   2.902   0.908  59.583   4.225   0.916  62.261   0.177 0 0 0 0 0 1 
1236 73 149432 1787.28 3849.05  -0.04   0.01  21.785  0.018  21.885  21.426  21.845   4.209   0.951  63.762   4.394   0.959  52.718   9.030   0.965  33.505   0.247 0 0 0 0 0 1 
1236 73 147237 2018.45  382.73  -0.45   0.27  22.951  0.025  23.004  22.621     nan   3.816   0.880  70.467   3.747   0.845  68.548   6.890   0.818  60.683   0.154 0 0 0 0 0 1 
1236 73 103290 1805.64 2184.88   0.12   0.00  22.089  0.019  22.089  21.687  22.075   3.946   0.956  71.142   3.943   0.958  72.465   7.483   0.953  78.053   0.000 0 0 0 0 0 1 
1236 73 170157 1540.10 3113.59  -0.34  -0.04  22.802  0.023  22.802  22.331     nan   4.351   0.926  16.158   4.545   0.916  12.278   9.935   0.886   3.051   0.000 0 0 0 1062029448185669 0 1 
1236 73  91918 1579.20 1968.46   0.02   0.26  20.888  0.018  20.888  20.412  20.880   4.637   0.889 -87.253   5.150   0.856 -85.569  11.234   0.826 -85.002   0.000 0 0 0 0 0 1 
1236 73  23840  753.47 1710.70  -0.01   0.08  21.622  0.018  22.078  21.474  22.046   4.475   0.915  87.934   6.272   0.709  79.012  16.266   0.641  79.670   0.795 0 0 0 0 2 1 
