# Visit  CCD  FakeID  FakeX  FakeY   DiffX   DiffY   CmodMag   CmodErr  ExpMag  DevMag  KronMag  SdssR  SdssBa  SdssPa  ExpR  ExpBa  ExpPa  DevR  DevBa  DevPa  fracDev  SdssMiter ExpMiter DevMiter parentID  nChild  extended
1236 40  38878 1540.17 3008.05   0.05  -0.02  21.980  0.031  22.017  21.815  21.964   3.060   0.960  53.518   2.558   0.961  64.518   3.266   0.985  87.591   0.189 0 0 0 0 0 1 
1236 40 138900  933.55 1861.70   0.08  -0.11  22.003  0.030  22.048  21.540  22.002   4.342   0.955  45.791   4.723   0.933  38.082  10.511   0.920  37.106   0.104 0 0 0 0 0 1 
1236 40  67627 1429.50 1951.78  -0.37  -0.10  22.418  0.032  22.468  22.146  22.468   3.606   0.875  87.642   3.488   0.812  88.174   5.811   0.786  79.104   0.167 0 0 0 1061887714264249 0 1 
1236 40 181461 1782.68 4071.28  -1.00  -1.00  -1.000 -1.000  -1.000  -1.000  -1.000  -1.000  -1.000  -1.000  -1.000  -1.000  -1.000  -1.000  -1.000  -1.000  -1.000 -1 -1 -1 -1 -1 -1 
1236 40 136054 1495.16 2466.12  -0.01  -0.06  20.887  0.030  20.899  20.569  20.859   3.702   0.982  78.357   3.655   0.978 -84.628   6.178   0.965 -72.466   0.038 0 0 0 0 0 1 
1236 40  46379  136.61 1280.62  -0.17  -0.04  22.034  0.031  22.034  21.798  21.992   3.257   0.951  66.661   2.875   0.933  69.609   4.052   0.920  74.286   0.000 0 0 0 0 0 1 
1236 40 184172 1479.60 1345.86   0.01  -0.11  22.624  0.033  22.627  22.555  22.670   2.746   0.911  35.798   2.022   0.815  33.838   1.925   0.760  34.230   0.033 0 0 0 0 0 1 
1236 40 128111  430.70 3175.73   0.06   0.04  22.796  0.033  22.870  22.513  22.814   3.581   0.922 -39.290   3.469   0.886 -41.131   6.002   0.891 -41.888   0.228 0 0 0 1061887714264982 0 1 
1236 40 201000  685.42  466.85   0.05  -0.18  22.140  0.030  22.140  21.715  22.132   4.291   0.941  89.185   4.438   0.922 -85.775   8.951   0.897 -83.516   0.000 0 0 0 1061887714263359 0 1 
1236 40 114097  465.45  600.96  -0.02   0.06  22.684  0.033  22.684  22.280  22.706   3.797   0.969   4.987   3.917   0.885  13.251   7.795   0.789  15.232   0.000 0 0 0 0 0 1 
1236 40 158600  403.61 1119.32   0.18  -0.18  22.417  0.032  22.605  22.203  22.513   3.631   0.952  21.352   3.685   0.883  23.619   7.166   0.798  30.580   0.501 0 0 0 0 2 1 
1236 40  19851  288.76 2177.34  -0.03  -0.08  19.685  0.029  19.726  19.275  19.705   4.605   0.997  23.277   5.193   0.988   2.361  10.809   0.979 -12.663   0.104 0 0 0 0 0 1 
1236 40  47773  774.36 3190.33  -0.18   1.88     nan    nan     nan     nan     nan   3.309   0.888 -81.841     nan     nan     nan     nan     nan     nan     nan 0 0 0 1061887714264988 0 1 
1236 40 184255 1185.81 1234.36  -0.10   0.04  21.258  0.029  21.668  21.126  21.457   4.081   0.951 -82.367   4.762   0.867 -72.665  11.065   0.819 -65.106   0.793 0 0 0 0 2 1 
1236 40  95536  656.85 1266.85  -0.00  -0.03  21.904  0.030  21.904  21.719  21.906   3.013   0.994  -8.246   2.528   0.959 -26.820   3.198   0.954 -44.925   0.000 0 0 0 0 0 1 
1236 40 108555 1098.15  346.54  -0.12  -0.20  21.591  0.030  21.590  21.203  21.590   3.908   0.968 -78.798   3.945   0.946 -78.650   7.393   0.922 -88.481   0.000 0 0 0 0 0 1 
1236 40  79922  571.39 3240.51  -0.11  -0.07  21.434  0.030  21.434  21.112  21.442   3.706   0.939  48.181   3.623   0.919  49.081   6.017   0.913  51.893   0.000 0 0 0 0 0 1 
1236 40 194071  609.76 2865.65  -0.08  -0.06  22.770  0.034  22.833  22.599  22.822   3.223   0.880 -87.612   2.900   0.772 -84.870   4.230   0.677 -84.346   0.278 0 0 0 0 0 1 
1236 40 134368 1454.87 1049.42  -0.03  -0.06  21.074  0.029  21.078  20.978  21.057   2.718   0.985 -86.668   2.027   0.944 -53.215   2.051   0.918 -49.583   0.040 0 0 0 0 0 1 
1236 40  71791 2007.96  988.01   0.04  -0.01  22.959  0.035  22.959  22.615     nan   3.957   0.884  29.413   3.846   0.820  32.717   6.879   0.752  41.079   0.000 0 0 0 0 0 1 
1236 40 120800  860.21 1535.21  -0.04  -0.22  21.760  0.030  21.774  21.443  21.743   3.638   0.962  72.541   3.556   0.949  78.786   5.972   0.948  83.540   0.048 0 0 0 0 0 1 
1236 40 189642 1903.56   23.41   0.44  -0.41  22.801  0.034  23.060  22.667  22.980   3.822   0.953 -39.260   3.766   0.909 -33.182   6.989   0.868 -31.917   0.689 0 0 0 0 0 1 
1236 40 113770  423.33 2255.39   0.08  -0.43  22.385  0.031  22.496  22.218  22.397   3.310   0.888  63.664   3.058   0.822  68.483   4.634   0.802  74.114   0.417 0 0 0 1061887714264432 0 1 
1236 40 162496  931.44  820.74   0.71   0.15  21.735  0.030  21.783  21.312  21.757   4.561   0.857  13.503   4.976   0.805  12.406  10.710   0.765  11.540   0.119 0 0 0 0 0 1 
1236 40  20814 1178.36 3889.18   0.07   0.30  21.930  0.030  22.548  21.910  22.458   5.416   0.821 -27.215   6.846   0.811  10.508  18.059   0.770  20.879   0.974 0 0 0 0 3 1 
1236 40 102927 1786.95  714.26  -0.26  -0.02  22.422  0.031  22.508  21.989  23.286   4.257   0.966 -41.256   4.675   0.900 -46.496  10.815   0.834 -44.172   0.196 0 0 0 0 0 1 
1236 40  78016  802.11  153.97  -0.11   1.79  22.616  0.031  22.616  21.954  22.703   5.468   0.762 -88.260   6.487   0.665 -88.351  18.868   0.598 -87.809   0.000 0 0 0 1061887714263138 0 1 
1236 40  20502  790.07 3948.70  -0.04  -0.02  21.520  0.030  21.566  21.029  21.564   4.554   0.933  87.748   5.058   0.909  89.914  11.698   0.907 -89.491   0.102 0 0 0 0 0 1 
1236 40  98274 1535.82 1624.60  -0.08   0.19  23.068  0.037  23.068  22.883  23.113   3.040   0.923 -71.431   2.518   0.876 -66.146   3.118   0.904 -57.338   0.000 0 0 0 0 0 1 
1236 40 199937 1649.02 1793.19  -0.04  -0.06  20.270  0.029  20.316  19.828  20.294   4.727   0.964  84.950   5.354   0.946 -86.705  11.804   0.925 -82.852   0.110 0 0 0 0 2 1 
1236 40 190506 1416.27 3833.92  -0.16  -0.09  20.992  0.030  21.051  20.664  21.012   4.014   0.958  19.125   4.167   0.948  13.915   7.763   0.937   6.229   0.168 0 0 0 0 0 1 
1236 40  46376 1486.99  880.51   0.24  -0.06  22.896  0.035  22.896  22.681  22.918   3.194   0.979 -65.937   2.789   0.915 -47.456   3.835   0.870 -48.078   0.000 0 0 0 0 0 1 
1236 40 185508  175.47 2901.70  -0.02  -0.28  22.956  0.035  22.956  22.655     nan   3.720   0.911  55.584   3.551   0.860  47.389   5.934   0.792  42.231   0.000 0 0 0 0 0 1 
1236 40  49970  404.96 3737.61   0.39  -0.43  21.484  0.029  21.539  21.106  21.480   4.070   0.895 -30.643   4.330   0.839 -31.100   8.758   0.803 -31.787   0.145 0 0 0 0 0 1 
1236 40  20319  973.37 3190.15   0.35  -0.17  21.324  0.030  21.505  21.122  21.406   4.219   0.724 -12.506   4.555   0.595 -14.401   8.434   0.563 -16.614   0.503 0 0 0 1061887714264984 0 1 
1236 40  62649  161.59  317.75  -0.04  -0.17  21.496  0.030  21.496  21.049  21.516   4.241   0.979 -39.079   4.504   0.949 -31.758   9.367   0.915 -29.589   0.000 0 0 0 0 0 1 
1236 40  72360  122.71 3498.45  -0.18   0.24  22.824  0.033  22.824  22.407     nan   4.013   0.891  41.292   4.037   0.849  43.333   8.049   0.805  47.204   0.000 0 0 0 0 0 1 
1236 40 118862 1892.52  544.71   0.09  -0.24  22.780  0.033  22.780  22.461  22.793   3.621   0.937  28.574   3.400   0.904  22.388   5.573   0.909  12.472   0.000 0 0 0 0 0 1 
1236 40 145219  597.72 3147.24  -0.10  -0.04  21.809  0.030  21.831  21.513  21.835   3.602   0.962 -79.170   3.530   0.935 -70.116   5.826   0.925 -59.509   0.078 0 0 0 1061887714264961 0 1 
1236 40   1633 1624.04 1609.93  -0.08  -0.12  22.150  0.030  22.208  21.627  22.178   4.530   0.902  65.044   5.059   0.883  65.075  12.371   0.878  67.988   0.122 0 0 0 1061887714264032 0 1 
1236 40 157351  741.69 3491.53  -0.10   0.10  22.364  0.031  22.364  21.962     nan   4.253   0.892   7.803   4.402   0.832   1.976   8.772   0.777  -0.686   0.000 0 0 0 0 0 1 
1236 40 162352 1732.91 2899.03   0.27   0.45  22.936  0.035  22.944  22.537  22.821   4.133   0.783   5.209   4.352   0.671   3.751   8.425   0.643   6.133   0.022 0 0 0 1061887714264814 0 1 
1236 40  79028  361.28 3137.89   0.05  -1.07  22.673  0.032  23.186  22.662  22.486   4.479   0.715  -0.740   5.123   0.571  -1.141  11.658   0.523  -2.800   0.981 0 0 0 1061887714264952 0 1 
1236 40  74040 1724.68 3311.90  -0.03  -0.04  21.562  0.031  21.645  21.411  21.556   3.107   0.978  29.789   2.686   0.969  21.488   3.706   0.958  19.189   0.368 0 0 0 1061887714265062 0 1 
1236 40  11596  377.44 2158.47   0.02  -0.06  22.930  0.036  22.949  22.906  22.902   2.570   0.945 -64.120   1.760   0.836 -59.350   1.462   0.840 -63.130   0.429 0 0 0 1061887714264361 0 1 
1236 40 106304  589.26 1526.20  -0.09   0.04  22.776  0.034  22.806  22.634  22.809   2.953   0.947   9.596   2.414   0.886  -1.398   3.049   0.803   0.396   0.182 0 0 0 0 0 1 
1236 40 131150 1506.96 1190.96   0.08  -0.08  22.755  0.033  22.822  22.410  22.916   3.897   0.952 -48.063   4.095   0.856 -36.421   8.419   0.721 -33.582   0.184 0 0 0 0 0 1 
1236 40 117273  851.70  965.39   0.06   0.16  22.647  0.032  22.760  22.216     nan   4.276   0.938  49.733   4.556   0.927  27.356  10.670   0.891  11.791   0.247 0 0 0 0 0 1 
1236 40  52117 1126.39 1352.96  -1.00  -1.00  -1.000 -1.000  -1.000  -1.000  -1.000  -1.000  -1.000  -1.000  -1.000  -1.000  -1.000  -1.000  -1.000  -1.000  -1.000 -1 -1 -1 -1 -1 -1 
1236 40 135418 1172.17 2594.64  -0.00  -0.01  21.047  0.030  21.215  20.794  21.122   3.855   0.943  84.099   3.995   0.909 -86.977   7.758   0.893 -82.255   0.433 0 0 0 1061887714264634 0 1 
