# Visit  CCD  FakeID  FakeX  FakeY   DiffX   DiffY   CmodMag   CmodErr  ExpMag  DevMag  KronMag  SdssR  SdssBa  SdssPa  ExpR  ExpBa  ExpPa  DevR  DevBa  DevPa  fracDev  SdssMiter ExpMiter DevMiter parentID  nChild  extended
1236 73  23863 1963.14 1744.03  -0.04  -0.03  20.660  0.018  20.786  20.295  20.741   4.570   0.949 -12.049   5.205   0.905  -7.805  11.545   0.865  -8.756   0.289 0 0 0 0 0 1 
1236 73 165137 1535.62 1984.66   0.11   0.10  23.430  0.032  23.430  22.909     nan   4.484   0.808 -58.379   4.864   0.711 -55.353  11.734   0.608 -51.193   0.000 0 0 0 0 0 1 
1236 73  49301   31.72 2284.69   0.28   0.31  22.741  0.023  22.741  22.269     nan   4.007   0.992   0.683   4.219   0.932 -46.677   9.285   0.842 -48.845   0.000 0 0 0 0 0 1 
1236 73 156740 1722.32 2612.37   0.07   0.12  22.969  0.026  22.969  22.734     nan   3.435   0.916 -80.675   3.175   0.853 -74.943   4.696   0.798 -75.263   0.000 0 0 0 1062029448185344 0 1 
1236 73 140065 1104.11   28.11  -1.00  -1.00  -1.000 -1.000  -1.000  -1.000  -1.000  -1.000  -1.000  -1.000  -1.000  -1.000  -1.000  -1.000  -1.000  -1.000  -1.000 -1 -1 -1 -1 -1 -1 
1236 73 188982 2007.21 1442.51  -0.21   0.49  22.624  0.022  22.790  22.446  22.711   3.528   0.887  59.468   3.507   0.829  54.519   5.977   0.810  52.295   0.512 0 0 0 0 0 1 
1236 73  91053  133.58  482.00   0.19   0.12  22.502  0.022  22.502  22.166  22.462   3.584   0.955  53.495   3.397   0.937  66.652   5.844   0.904  69.197   0.000 0 0 0 0 0 1 
1236 73 144561 1123.22 3862.62   0.12  -0.01  21.559  0.018  21.576  20.974  21.564   4.782   0.965  19.589   5.397   0.982  32.630  13.633   0.986  80.670   0.035 0 0 0 0 0 1 
1236 73 100458 1629.79  175.94   0.27  -0.01  22.788  0.023  22.788  22.347  22.759   4.422   0.828  75.227   4.610   0.766  79.459   9.588   0.714  85.686   0.000 0 0 0 1062029448183906 0 1 
1236 73 174368  598.31 3170.53   0.01  -0.02  22.696  0.023  22.695  22.317  24.191   3.812   0.895  49.500   3.821   0.842  53.708   7.141   0.793  56.035   0.000 0 0 0 0 0 1 
1236 73 105519 1488.94  267.71   0.09  -0.33  22.661  0.022  22.661  22.307  22.688   3.650   0.922  71.811   3.492   0.905  82.053   6.262   0.875 -86.871   0.000 0 0 0 1062029448183956 0 1 
1236 73   5957 1634.81 2498.83   0.26   0.09     nan    nan     nan     nan     nan     nan     nan     nan     nan     nan     nan     nan     nan     nan     nan 0 0 0 0 2 1 
1236 73  14713  673.24  701.05  -0.01   0.08  23.843  0.054  23.843  23.843  23.862   2.031   0.926  62.158   0.710   0.823 -82.374   0.451   0.801 -84.833   0.000 0 0 0 1062029448184198 0 1 
1236 73  64087  402.35 2462.47  -0.07  -0.20  22.964  0.025  22.963  22.523  22.989   4.167   0.835 -57.050   4.257   0.774 -61.806   8.761   0.744 -72.581   0.000 0 0 0 0 0 1 
1236 73  83561  965.04 3527.04  -0.34  -0.09  22.423  0.020  22.422  21.915  22.449   4.363   0.989  74.020   4.650   0.985 -73.479  10.510   0.977 -19.205   0.000 0 0 0 1062029448185891 0 1 
1236 73  82089  847.59 3132.74   0.11  -0.47  22.619  0.021  22.723  22.139     nan   4.556   0.898 -76.813   4.984   0.877 -77.572  12.190   0.868 -80.028   0.216 0 0 0 0 0 1 
1236 73   5387 1514.51 4023.56   0.06   0.09  22.222  0.020  22.271  21.855  22.274   3.778   0.984  21.263   3.821   0.985 -24.091   7.470   0.956 -43.640   0.134 0 0 0 1062029448186172 0 1 
1236 73 109301 1056.68 2291.17   0.26  -0.74  23.024  0.026  23.024  22.529  22.965   4.417   0.792 -68.727   4.711   0.699 -64.427  10.479   0.658 -60.841   0.000 0 0 0 0 0 1 
1236 73 107647 1686.66 1747.01   0.02   0.16  22.608  0.023  22.835  22.538  22.669   3.091   0.959  32.448   2.894   0.856   8.257   5.050   0.640   4.963   0.777 0 0 0 0 2 1 
1236 73  87034  685.97 3697.27  -0.17  -0.43  22.262  0.019  22.261  21.656  22.293   5.065   0.855  -8.513   5.771   0.828 -10.167  14.833   0.810 -14.360   0.000 0 0 0 1062029448185996 0 1 
1236 73 154471   47.41 1617.75   0.07  -0.21  21.885  0.018  22.579  21.817  22.552   5.149   0.857  82.417   6.282   0.823 -88.521  18.959   0.798 -83.481   0.934 0 0 0 0 0 1 
1236 73 159042 1556.97 3707.13   0.91  -1.46     nan    nan     nan     nan     nan   3.135   0.925 -39.687     nan     nan     nan     nan     nan     nan     nan 0 0 0 0 0 1 
1236 73 162288  450.86 1300.27  -0.02  -0.03  22.103  0.019  22.109  21.658  22.080   4.017   0.952  56.799   4.139   0.954  63.051   8.461   0.944  79.795   0.014 0 0 0 0 0 1 
1236 73  26242 1579.20 1968.46   0.02   0.41  21.644  0.018  21.684  21.358  21.684   3.892   0.832 -87.711   4.000   0.734 -85.555   6.849   0.687 -85.392   0.133 0 0 0 0 0 1 
1236 73 111259 1929.27 1796.96   0.09  -0.07  23.029  0.026  23.029  22.569  23.032   3.972   0.818  15.772   4.109   0.730  15.849   8.647   0.706  17.939   0.000 0 0 0 1062029448184840 0 1 
1236 73  79810 2017.32  262.78  -1.00  -1.00  -1.000 -1.000  -1.000  -1.000  -1.000  -1.000  -1.000  -1.000  -1.000  -1.000  -1.000  -1.000  -1.000  -1.000  -1.000 -1 -1 -1 -1 -1 -1 
1236 73 174552 1917.96 1977.86   0.05   0.02  21.955  0.019  21.955  21.571  21.940   4.017   0.912  47.130   4.053   0.878  44.212   7.651   0.852  41.513   0.000 0 0 0 0 0 1 
1236 73 108651 1618.79 2238.88   0.20  -0.17  22.206  0.020  22.293  21.944  22.226   3.682   0.880  45.229   3.584   0.852  43.628   6.049   0.879  38.025   0.269 0 0 0 0 0 1 
1236 73   9749  203.59 1302.32  -0.03   0.17  21.236  0.018  21.363  20.926  21.320   4.183   0.906 -83.557   4.625   0.829 -79.976   9.472   0.780 -79.278   0.321 0 0 0 1062029448184550 0 1 
1236 73 136746 1990.49 3402.25   0.37  -0.05     nan    nan     nan     nan  22.822   2.896   0.977  -1.956     nan     nan     nan     nan     nan     nan     nan 0 0 0 0 0 1 
1236 73  70878  895.73 2119.30   0.14  -0.10  22.175  0.020  22.175  21.838     nan   4.216   0.776 -63.062   4.310   0.676 -61.018   7.796   0.602 -60.084   0.000 0 0 0 0 0 1 
1236 73 125753 1975.86 2050.90   0.14   0.10  20.133  0.017  20.221  19.771  20.188   6.068   0.576  -7.227   7.114   0.474  -8.445  15.591   0.409  -8.781   0.216 0 0 0 0 2 1 
1236 73 125291 2017.63  734.53   0.37  -0.53  23.037  0.026  23.037  22.548     nan   4.066   0.873 -53.296   4.299   0.793 -52.448   9.585   0.732 -54.787   0.000 0 0 0 0 0 1 
1236 73  81664 1012.69 2393.40   0.03   0.05  22.534  0.022  22.534  22.334  22.479   2.935   0.957  47.156   2.384   0.971  74.721   3.287   0.843 -83.670   0.000 0 0 0 0 0 1 
1236 73 198533 1954.46 3434.00  -0.05  -0.07  21.953  0.019  22.024  21.695  22.053   3.492   0.976  88.277   3.351   0.950 -88.619   5.676   0.911 -86.384   0.232 0 0 0 1062029448185846 0 1 
1236 73  18408  427.52 1731.97  -0.06   0.20  22.972  0.027  22.972  22.851  23.039   2.816   0.970   1.128   2.250   0.873 -21.750   2.567   0.784 -21.150   0.000 0 0 0 1062029448184811 0 1 
1236 73 156204 1832.85 2862.85  -0.03   0.24  22.571  0.021  22.571  21.885  22.390   4.721   0.949  20.195   5.209   0.959  13.512  14.471   0.976 -12.717   0.000 0 0 0 0 0 1 
1236 73  71710 1024.76 3925.43   0.02  -0.02  19.415  0.017  19.472  18.991  19.442   4.707   0.989  42.862   5.387   0.990  27.944  11.662   0.990  -2.674   0.136 0 0 0 1062029448186132 0 1 
1236 73 134315  904.28 2222.72   0.08  -0.05  21.779  0.019  22.077  21.724  21.869   3.132   0.935 -67.654   2.984   0.854 -61.699   5.157   0.806 -54.089   0.857 0 0 0 1062029448185161 0 1 
1236 73 191503 1981.27 1115.77  -0.21  -0.12  22.243  0.020  22.243  21.880  22.284   3.859   0.917  65.906   3.831   0.888  68.697   6.948   0.862  73.158   0.000 0 0 0 0 0 1 
1236 73  10352  167.56 3064.50   0.16  -0.13  21.922  0.019  21.922  21.306  21.918   5.228   0.878 -72.927   5.959   0.841 -71.037  15.756   0.800 -70.821   0.000 0 0 0 0 0 1 
1236 73 177317  257.28 2661.07  -0.08  -0.25  22.618  0.023  22.618  22.477  22.624   2.963   0.893  59.780   2.420   0.810  64.872   2.818   0.759  70.133   0.000 0 0 0 0 0 1 
1236 73 153941  648.72 2927.26  -0.06  -0.01  21.723  0.018  21.723  21.222  21.672   4.406   0.940 -39.978   4.879   0.914 -29.368  11.056   0.867 -30.769   0.000 0 0 0 1062029448185553 0 1 
1236 73 162798  437.81 3936.96   0.38  -0.80  22.048  0.019  22.499  21.904  22.397   4.473   0.858 -58.754   4.998   0.801 -54.680  12.569   0.749 -47.079   0.797 0 0 0 1062029448186139 0 1 
1236 73 126744  349.16 3724.40   0.05  -0.03  22.077  0.019  22.124  21.686     nan   3.962   0.973 -14.779   4.117   0.959 -16.631   8.256   0.947 -21.851   0.124 0 0 0 0 0 1 
1236 73 185103 1516.67 2928.56  -0.07  -0.02  22.852  0.023  22.852  22.294     nan   4.305   0.917  31.090   4.628   0.891  30.862  11.091   0.873  31.413   0.000 0 0 0 0 0 1 
1236 73 185350  972.70 3182.36  -0.14  -0.18  23.023  0.027  23.023  22.825     nan   3.305   0.830  52.326   2.976   0.707  52.326   4.087   0.617  57.304   0.000 0 0 0 0 0 1 
1236 73  11633  611.24 2442.45   0.04  -0.01  22.714  0.024  22.714  22.581     nan   3.037   0.914  56.436   2.504   0.886  60.878   2.802   0.895  71.993   0.000 0 0 0 0 0 1 
1236 73  64634 1015.25 2265.81   0.98  -0.06  22.024  0.019  22.024  21.481  22.038   4.495   0.919  13.810   4.930   0.900  12.968  11.754   0.870  12.564   0.000 0 0 0 1062029448185120 0 1 
1236 73 107372 1242.13  465.88   0.02  -0.12  20.807  0.018  20.881  20.387  20.847   4.553   0.979 -31.829   5.092   0.962 -23.572  11.267   0.940 -21.592   0.173 0 0 0 0 0 1 
