# Visit  CCD  FakeID  FakeX  FakeY   DiffX   DiffY   CmodMag   CmodErr  ExpMag  DevMag  KronMag  SdssR  SdssBa  SdssPa  ExpR  ExpBa  ExpPa  DevR  DevBa  DevPa  fracDev  SdssMiter ExpMiter DevMiter parentID  nChild  extended
1236 42  98530  530.63 2872.57   0.13  -0.41  21.604  0.023  21.860  21.255  21.822   4.777   0.922 -59.956   5.380   0.906 -57.920  13.557   0.899 -60.216   0.480 0 0 0 1061896304199339 0 1 
1236 42  22637  208.04 1005.52  -0.14  -0.19  21.332  0.023  21.408  20.894  21.377   4.574   0.937  42.961   5.041   0.942  38.242  11.218   0.955  30.790   0.172 0 0 0 0 0 1 
1236 42 186203  149.23 3418.16  -0.02   0.03  22.490  0.025  22.513  22.066  22.459   3.969   0.912 -43.622   4.107   0.851 -41.330   8.411   0.831 -41.902   0.062 0 0 0 1061896304199702 0 1 
1236 42 187188  441.19 1111.46  -0.09  -0.17  22.501  0.026  22.560  22.374  22.507   3.005   0.924 -61.396   2.531   0.846 -55.989   3.262   0.781 -57.806   0.321 0 0 0 0 0 1 
1236 42   8179 1768.29 3640.45  -0.00  -0.02  21.579  0.023  21.661  21.120  21.667   4.329   0.967  69.062   4.804   0.962  76.853  10.972   0.985  75.397   0.180 0 0 0 1061896304199848 0 1 
1236 42 133922   59.04 2850.65  -0.11  -0.04  21.087  0.023  21.172  20.850  21.117   3.464   0.985  43.480   3.322   0.978 -20.617   5.562   0.935 -30.809   0.282 0 0 0 1061896304199318 0 1 
1236 42 197245 1564.00  679.70  -0.11  -0.49  23.051  0.030  23.050  22.670  24.579   3.820   0.961 -18.694   3.745   0.931  -7.727   6.968   0.898   0.737   0.000 0 0 0 0 0 1 
1236 42 192896  180.57 2553.62   0.00   0.09  22.140  0.024  22.140  21.832  22.104   3.487   0.939  -9.847   3.304   0.905 -14.037   5.325   0.902 -14.869   0.000 0 0 0 0 0 1 
1236 42  96997 1426.21 2190.78  -0.01  -0.11  20.835  0.022  20.905  20.414  20.865   4.439   0.977  39.493   4.864   0.985  48.070  10.605   0.984 -66.566   0.164 0 0 0 1061896304198908 0 1 
1236 42  14257 1089.14 1261.51  -0.16  -0.47  22.968  0.029  22.968  22.622     nan   3.825   0.896  46.455   3.646   0.869  47.319   6.350   0.869  53.608   0.000 0 0 0 0 0 1 
1236 42  85801  850.52 3484.92   0.00   0.04  20.684  0.022  20.802  20.323  20.763   4.514   0.966  -2.519   5.049   0.946  -7.795  10.933   0.920 -10.188   0.278 0 0 0 1061896304199762 0 1 
1236 42 140809  868.07 2666.97   0.23  -0.04  22.023  0.024  22.270  21.851  22.326   4.432   0.764  46.126   5.312   0.591  45.600  10.925   0.501  45.919   0.622 0 0 0 0 2 1 
1236 42  85671  454.56 2803.75  -0.01  -0.35  22.734  0.026  22.811  22.315  22.775   4.632   0.786 -78.559   5.220   0.683 -79.034  12.121   0.583 -79.626   0.181 0 0 0 1061896304199306 0 1 
1236 42   5359 1042.44 2670.30  -0.16   0.33  22.609  0.026  22.608  22.134  22.628   4.116   0.892 -78.428   4.278   0.860 -78.207   9.045   0.857 -81.564   0.000 0 0 0 0 0 1 
1236 42 171389 1468.78  499.80   0.06   0.07  21.440  0.023  21.440  20.839  21.401   4.964   0.924  39.720   5.645   0.924  39.285  14.193   0.938  41.543   0.000 0 0 0 0 0 1 
1236 42  28621  158.41 3424.84  -0.05  -0.12  22.212  0.024  22.358  21.902  22.246   3.950   0.917 -48.800   4.196   0.872 -48.889   8.732   0.833 -49.811   0.355 0 0 0 1061896304199702 0 1 
1236 42  14450  802.19  655.90  -0.02  -0.04  22.003  0.024  22.003  21.726  21.974   3.354   0.923  18.847   3.072   0.894  15.739   4.600   0.921   9.194   0.000 0 0 0 0 0 1 
1236 42  76316 1884.80 3977.69   0.05  -0.38  22.865  0.029  22.904  22.705  22.803   3.140   0.896   7.340   2.702   0.797   1.270   3.645   0.711  -0.028   0.203 0 0 0 0 0 1 
1236 42 190639  368.04 3677.97   0.04  -0.17  22.050  0.023  22.049  21.578  22.063   4.161   0.941 -49.962   4.437   0.903 -45.288   9.634   0.859 -43.676   0.000 0 0 0 0 0 1 
1236 42  90802 1653.72 2208.02  -0.41  -0.15  22.554  0.025  22.623  22.082  22.580   4.381   0.928  29.109   4.800   0.879  26.055  11.341   0.832  24.518   0.153 0 0 0 0 0 1 
1236 42 108846 1101.84   20.85   0.16   0.15  21.414  0.023  21.414  20.907     nan   4.451   0.971 -42.266   4.872   0.949 -46.845  10.995   0.922 -53.666   0.000 0 0 0 0 0 1 
1236 42 118756  770.72  160.40  -0.00  -0.18  20.799  0.022  20.871  20.393  20.836   4.344   0.959 -12.896   4.802   0.929 -19.469  10.390   0.907 -22.442   0.172 0 0 0 1061896304197750 0 1 
1236 42 176296 1514.65 2413.38  -0.41   0.10  22.135  0.024  22.192  21.610  22.139   4.463   0.949 -87.932   5.006   0.922 -85.231  12.360   0.899 -81.860   0.119 0 0 0 0 2 1 
1236 42  26788 1987.51  702.59  -0.68  -0.47  22.301  0.025  22.300  22.115     nan   4.046   0.664  24.280   3.908   0.501  23.954   5.601   0.397  24.161   0.000 0 0 0 0 0 1 
1236 42  76063 1182.22 2757.13   0.08   0.03  21.133  0.022  21.133  20.637  21.146   4.484   0.975 -78.796   4.896   0.970 -73.552  10.857   0.963 -65.566   0.000 0 0 0 0 0 1 
1236 42 144991 1903.08 1234.99  -0.40  -0.56  22.518  0.025  22.903  22.386  22.614   4.061   0.829 -12.474   4.489   0.728 -10.560  10.472   0.632 -11.760   0.779 0 0 0 1061896304198326 0 1 
1236 42  11658  182.05 1780.21  -0.24  -0.80  21.784  0.023  21.784  21.330  21.776   4.798   0.751 -14.582   5.306   0.663 -16.305  11.401   0.612 -18.930   0.000 0 0 0 1061896304198664 0 1 
1236 42 111647  924.68 3351.98  -0.05  -0.10  21.994  0.024  21.994  21.734  22.005   3.475   0.920  58.033   3.179   0.888  63.236   4.781   0.865  71.336   0.000 0 0 0 0 0 1 
1236 42  37335 1513.69  828.80  -0.04  -0.11  19.897  0.022  20.103  19.631  20.028   4.129   0.988  25.037   4.543   0.970   7.864   9.590   0.949  49.804   0.472 0 0 0 0 4 1 
1236 42  67691 1728.58 4116.63  -0.01  -0.20  22.610  0.027  22.610  22.447  22.594   3.103   0.935  78.605   2.558   0.903  87.518   3.105   0.878 -70.945   0.000 0 0 0 0 0 1 
1236 42 133305  626.55 3546.47   0.08  -0.21  22.564  0.025  22.698  22.126  22.716   4.632   0.944  -3.538   5.321   0.891 -16.581  13.759   0.762 -32.320   0.278 0 0 0 1061896304199777 0 1 
1236 42 189752  841.00 1773.96   0.03  -0.02  21.392  0.023  21.392  20.914  21.365   4.176   0.977 -42.602   4.453   0.966 -42.180   9.589   0.949 -44.212   0.000 0 0 0 1061896304198665 0 1 
1236 42 105594  988.52 1981.45  -0.06  -0.04  20.501  0.022  20.517  20.345  20.480   2.987   0.980  27.709   2.487   0.972   2.472   3.007   0.971  -0.766   0.093 0 0 0 0 0 1 
1236 42  56565  323.28 1436.99   0.19  -0.20  22.920  0.029  22.920  22.604  24.189   3.569   0.921  50.571   3.390   0.895  61.079   5.725   0.841  72.441   0.000 0 0 0 0 0 1 
1236 42 188518  424.07  695.21   0.06  -0.04  22.310  0.024  22.310  21.765     nan   4.595   0.914  28.973   4.969   0.900  33.479  11.733   0.887  40.550   0.000 0 0 0 0 0 1 
1236 42  82510 1792.33   76.45  -0.01  -0.07  21.078  0.023  21.689  21.079  21.609   5.033   0.809 -57.857   8.895   0.507 -46.845  23.217   0.452 -46.064   1.000 0 0 0 0 3 1 
1236 42  73194 1793.21 2146.04   0.05   0.21  22.988  0.031  23.035  22.840  23.024   2.964   0.982  57.879   2.405   0.979 -86.528   3.122   0.933 -79.833   0.250 0 0 0 0 0 1 
1236 42  86475 1508.61 1482.20   0.13  -0.06  22.515  0.026  22.546  22.332  22.530   3.213   0.910 -47.806   2.900   0.796 -47.699   4.109   0.690 -50.725   0.148 0 0 0 1061896304198478 0 1 
1236 42  27278   41.68  820.27   1.32  -0.27     nan    nan     nan     nan     nan  15.117   0.823  51.058     nan     nan     nan     nan     nan     nan     nan 0 0 0 1061896304198091 0 1 
1236 42  42791 1742.29 1634.43   0.03   0.02  22.146  0.024  22.145  21.537  22.177   4.906   0.922  10.281   5.433   0.899   6.270  14.110   0.879   4.312   0.000 0 0 0 0 0 1 
1236 42  34995  688.02 2738.31  -0.03  -0.19  21.908  0.023  21.908  21.586  21.907   3.592   0.984  -1.693   3.449   0.965 -19.636   5.752   0.959 -36.429   0.000 0 0 0 0 0 1 
1236 42 113735  990.64 3606.44   0.03   0.17  21.959  0.023  21.974  21.533  21.985   4.210   0.927  55.479   4.367   0.911  53.180   8.798   0.907  59.532   0.042 0 0 0 0 0 1 
1236 42 122274 2015.06 1550.77  -0.06   0.23  21.446  0.023  21.710  21.212  21.559   4.059   0.967  83.429   4.596   0.913  75.773   9.978   0.902  71.973   0.573 0 0 0 0 2 1 
1236 42  57575 1455.56 3562.94  -0.75   0.34  21.456  0.023  21.890  21.348  21.666   4.157   0.898 -33.049   4.677   0.838 -33.756  11.527   0.698 -30.822   0.830 0 0 0 0 2 1 
1236 42 149717 1225.05 1495.46  -0.39  -0.37  22.599  0.026  22.599  22.175  22.647   3.905   0.968  -4.213   3.977   0.926 -21.639   8.056   0.880 -27.388   0.000 0 0 0 0 0 1 
1236 42    278  401.00 2275.62  -0.05  -0.00  21.188  0.023  21.268  20.857  21.214   3.912   0.969  25.851   4.072   0.963  19.074   7.816   0.957  13.680   0.217 0 0 0 0 0 1 
1236 42  78870 1083.86 4009.87   0.07  -0.04     nan    nan     nan     nan     nan  10.641   0.367  11.900     nan     nan     nan     nan     nan     nan     nan 0 0 0 0 3 1 
1236 42 153277  696.41 2471.92   0.19  -0.16  22.772  0.026  22.771  22.130  22.824   4.456   0.991 -37.431   5.040   0.930 -20.655  13.660   0.876 -20.518   0.000 0 0 0 0 0 1 
1236 42 104452   29.50 1538.71  -0.50   0.29  20.692  0.022  20.719  20.224  20.732   4.525   0.989 -17.887   5.043   0.987 -42.070  11.159   0.974 -49.746   0.063 0 0 0 0 0 1 
1236 42  22384 1123.24  746.79   0.09  -0.11  22.212  0.024  22.212  21.961  22.197   3.293   0.969  40.639   2.921   0.977  34.804   4.237   0.979  10.382   0.000 0 0 0 0 0 1 
