# Visit  CCD  FakeID  FakeX  FakeY   DiffX   DiffY   CmodMag   CmodErr  ExpMag  DevMag  KronMag  SdssR  SdssBa  SdssPa  ExpR  ExpBa  ExpPa  DevR  DevBa  DevPa  fracDev  SdssMiter ExpMiter DevMiter parentID  nChild  extended
1236 64 134523  728.48  392.40  -0.18  -0.20  22.184  0.026  22.251  21.640  22.235   4.925   0.915  31.808   5.533   0.874  37.591  14.425   0.822  41.071   0.138 0 0 0 0 0 1 
1236 64 102668  106.60  262.61  -0.12   0.01  22.907  0.032  22.907  22.699     nan   3.614   0.881 -57.865   3.282   0.779 -52.183   4.765   0.680 -50.978   0.000 0 0 0 0 0 1 
1236 64 109763  703.90 3231.22  -0.19  -0.01  21.620  0.025  21.619  21.071  21.619   4.691   0.967   6.469   5.175   0.959  -5.258  12.273   0.949  -9.109   0.000 0 0 0 0 0 1 
1236 64   7031  647.00 1265.50   0.06  -0.28  22.236  0.026  22.264  21.812  22.783   4.207   0.951   7.905   4.382   0.911  -1.078   9.031   0.887  -5.475   0.074 0 0 0 0 0 1 
1236 64  80708  602.57  736.64  -0.06  -0.20     nan    nan     nan     nan  20.661   3.104   0.951  65.473     nan     nan     nan     nan     nan     nan     nan 0 0 0 1061990793478594 0 1 
1236 64 181356  503.54   53.95   0.02   0.01  22.456  0.027  22.456  21.979     nan   4.378   0.907  78.263   4.544   0.871  86.074   9.925   0.821 -88.816   0.000 0 0 0 0 0 1 
1236 64 155065  632.40 2597.03  -0.04  -0.14  22.949  0.031  23.055  22.622  23.037   3.873   0.931  60.343   3.926   0.874  38.870   8.028   0.792  27.515   0.278 0 0 0 0 0 1 
1236 64 166506 1085.95 1531.70   0.01  -0.08  19.935  0.024  20.060  19.648  20.015   4.269   0.988 -41.385   4.696   0.965 -30.114   9.118   0.945 -31.061   0.328 0 0 0 0 0 1 
1236 64  94482  488.24 3622.54  -0.04  -0.03  19.427  0.024  19.484  19.016  19.452   4.742   0.990  27.660   5.406   0.988   4.587  11.539   0.979 -12.691   0.139 0 0 0 0 0 1 
1236 64  44191 1635.13 3273.74  -0.16  -0.07  22.141  0.026  22.141  21.687  22.166   4.077   0.932  77.730   4.228   0.914  89.531   8.723   0.895 -77.255   0.000 0 0 0 0 0 1 
1236 64 125133 1386.82 2443.81  -0.04  -0.09  21.821  0.025  21.832  21.134  22.032   5.221   0.905  39.004   6.157   0.895  24.652  17.767   0.869  25.584   0.021 0 0 0 0 2 1 
1236 64  45879 1094.41 3113.77  -0.07  -0.11  21.396  0.025  21.874  21.397  21.761   4.152   0.892  53.016   8.853   0.411  57.900  18.974   0.384  57.652   1.000 0 0 0 0 2 1 
1236 64  79838  596.32  122.51   0.02  -0.09  19.888  0.025  19.988  19.514  19.924   4.676   0.989 -62.651   5.267   0.981 -54.412  11.258   0.972 -43.415   0.237 0 0 0 1061990793478190 0 1 
1236 64  56832 1027.47 3634.98   0.12  -0.22  22.739  0.029  22.945  22.497  22.836   4.095   0.791  58.128   4.552   0.656  62.831   9.867   0.538  64.983   0.504 0 0 0 0 0 1 
1236 64  89908 1822.09 1607.55   0.03  -0.05  19.983  0.024  20.046  19.576  20.014   4.828   0.962   9.917   5.489   0.940   1.853  11.811   0.920   0.224   0.152 0 0 0 1061990793479104 0 1 
1236 64  33999 1856.96 3706.76  -1.00  -1.00  -1.000 -1.000  -1.000  -1.000  -1.000  -1.000  -1.000  -1.000  -1.000  -1.000  -1.000  -1.000  -1.000  -1.000  -1.000 -1 -1 -1 -1 -1 -1 
1236 64  47773 1985.71 2423.96  -0.08   0.34     nan    nan     nan     nan     nan   3.138   0.963  27.447     nan     nan     nan     nan     nan     nan     nan 0 0 0 0 0 1 
1236 64 153939 1346.13 2462.32   0.09   0.01  23.029  0.034  23.028  22.839  22.914   2.966   0.886  42.166   2.377   0.826  31.298   3.034   0.793  15.006   0.000 0 0 0 0 0 1 
1236 64   6038  912.41 3825.32   0.03   0.01  22.885  0.029  22.884  22.242  22.775   4.793   0.854  28.241   5.367   0.803  25.770  14.397   0.769  24.139   0.000 0 0 0 0 0 1 
1236 64 194043 1833.86 1859.99   0.25   0.09  22.515  0.027  22.515  22.015  22.484   4.320   0.900  61.003   4.572   0.863  61.483  10.278   0.819  61.430   0.000 0 0 0 0 0 1 
1236 64  84160  354.54  771.87  -0.07  -0.02  22.476  0.028  22.476  22.291  22.476   3.199   0.896  58.945   2.743   0.806  55.038   3.595   0.731  51.901   0.000 0 0 0 0 0 1 
1236 64  40159   70.94 2750.93  -0.19   0.06  23.040  0.034  23.040  23.074     nan   2.770   0.966 -67.647   2.074   0.874 -53.155   1.564   0.785 -48.200   0.000 0 0 0 0 0 1 
1236 64 118821 1875.81  658.85  -0.09  -0.16  22.410  0.027  22.411  22.055     nan   4.010   0.920   4.121   3.952   0.864   0.031   7.163   0.835   2.247   0.000 0 0 0 0 0 1 
1236 64 187254 1984.54 1797.25   0.03   0.08  22.577  0.029  22.623  22.475  22.614   3.107   0.875  87.301   2.601   0.779 -87.744   3.048   0.737 -87.946   0.304 0 0 0 0 0 1 
1236 64 146686  869.52 3631.34  -0.10   0.07     nan    nan     nan     nan     nan   2.789   0.917 -72.174     nan     nan     nan     nan     nan     nan     nan 0 0 0 0 0 1 
1236 64  14522  710.37 2158.94  -0.07  -0.29  22.420  0.027  22.573  22.225  22.475   3.662   0.821 -26.718   3.744   0.654 -27.317   6.822   0.555 -27.000   0.469 0 0 0 1061990793479431 0 1 
1236 64 106564 1398.62 2091.37  -1.00  -1.00  -1.000 -1.000  -1.000  -1.000  -1.000  -1.000  -1.000  -1.000  -1.000  -1.000  -1.000  -1.000  -1.000  -1.000  -1.000 -1 -1 -1 -1 -1 -1 
1236 64 195594 1942.89 1641.23  -0.11  -0.02  21.388  0.025  21.463  21.148  21.414   3.506   0.990  66.118   3.367   0.966  -8.565   5.686   0.884  -8.689   0.253 0 0 0 0 0 1 
1236 64 178483 1324.50 3145.06   0.25   0.04     nan    nan     nan     nan     nan   3.163   0.906  42.687     nan     nan     nan     nan     nan     nan     nan 0 0 0 0 0 1 
1236 64  73319 1433.66 3376.39  -1.00  -1.00  -1.000 -1.000  -1.000  -1.000  -1.000  -1.000  -1.000  -1.000  -1.000  -1.000  -1.000  -1.000  -1.000  -1.000  -1.000 -1 -1 -1 -1 -1 -1 
1236 64  26122  664.14 2063.05   0.11   0.11  23.010  0.033  23.009  22.945  23.395   3.095   0.837  87.594   2.531   0.684 -86.152   2.538   0.601 -81.468   0.000 0 0 0 0 0 1 
1236 64  90843 1604.04 3595.60   0.28   0.07  22.891  0.030  22.890  22.456  22.858   4.068   0.855  16.703   4.224   0.797  16.212   8.488   0.799  15.081   0.000 0 0 0 1061990793480284 0 1 
1236 64  90834 1784.47  234.66  -0.01   0.04  22.713  0.030  22.713  22.549  23.514   3.308   0.851  32.930   2.812   0.745  28.598   3.509   0.704  31.316   0.000 0 0 0 0 0 1 
1236 64  62200 1517.05  160.53  -0.30   0.50  22.622  0.028  22.622  22.172  22.585   4.561   0.831  41.798   4.737   0.811  38.305   9.896   0.777  32.218   0.000 0 0 0 1061990793478230 0 1 
1236 64 112954  401.39  786.05  -0.41  -0.46  22.973  0.031  22.973  22.490  22.505   4.505   0.708  44.799   4.914   0.581  42.830  11.186   0.496  42.425   0.000 0 0 0 1061990793478631 0 1 
1236 64  63996  555.88 1241.46  -1.00  -1.00  -1.000 -1.000  -1.000  -1.000  -1.000  -1.000  -1.000  -1.000  -1.000  -1.000  -1.000  -1.000  -1.000  -1.000  -1.000 -1 -1 -1 -1 -1 -1 
1236 64 166029 1346.90 3331.30   0.28   0.05     nan    nan     nan     nan     nan   2.995   0.966   7.691     nan     nan     nan     nan     nan     nan     nan 0 0 0 0 0 1 
1236 64  90461  696.75 2289.30  -0.90   0.33     nan    nan     nan     nan     nan   3.254   0.909 -67.199     nan     nan     nan     nan     nan     nan     nan 0 0 0 0 0 1 
1236 64 124487 1334.46 1662.10  -0.05   0.04  20.676  0.024  20.780  20.255  20.746   4.634   0.990  75.277   5.197   0.993 -53.940  11.980   0.968 -50.025   0.231 0 0 0 0 0 1 
1236 64 123271  291.62 2974.07   0.20   0.01  22.388  0.027  22.403  22.079  22.365   3.539   0.954  88.302   3.383   0.937 -67.283   5.683   0.903 -60.053   0.055 0 0 0 1061990793479914 0 1 
1236 64 119156  395.10 2609.39  -0.20   0.27  22.874  0.031  22.873  22.546     nan   3.841   0.811 -70.348   3.704   0.728 -69.379   6.144   0.732 -69.179   0.000 0 0 0 0 0 1 
1236 64  24961 1327.55  731.47  -1.00  -1.00  -1.000 -1.000  -1.000  -1.000  -1.000  -1.000  -1.000  -1.000  -1.000  -1.000  -1.000  -1.000  -1.000  -1.000  -1.000 -1 -1 -1 -1 -1 -1 
1236 64  78507   82.19  520.57  -1.00  -1.00  -1.000 -1.000  -1.000  -1.000  -1.000  -1.000  -1.000  -1.000  -1.000  -1.000  -1.000  -1.000  -1.000  -1.000  -1.000 -1 -1 -1 -1 -1 -1 
1236 64  17551 1752.69 3797.75  -0.34  -0.32  22.307  0.027  22.307  21.925  22.297   4.490   0.738  52.596   4.691   0.643  52.275   9.046   0.579  52.839   0.000 0 0 0 0 0 1 
1236 64 152196  360.71 1034.59  -0.05  -0.02  20.957  0.024  21.250  20.660  21.137   4.754   0.950   0.357   5.672   0.903  -0.384  14.100   0.881  -4.079   0.553 0 0 0 0 0 1 
1236 64  18258  576.41 1020.70   0.11   0.23  22.031  0.026  22.084  21.671     nan   4.299   0.871  36.875   4.377   0.841  33.606   8.419   0.836  31.533   0.145 0 0 0 0 0 1 
1236 64 127463  277.20 1058.59   0.31   0.42  22.037  0.026  22.606  22.014  22.081   4.054   0.964 -28.749   4.913   0.859 -18.633  12.383   0.776 -11.480   0.969 0 0 0 1061990793478771 0 1 
1236 64 134727 1084.63 2571.32   0.63   0.37  22.736  0.030  22.736  22.546  22.697   3.134   0.867  28.603   2.663   0.755  21.996   3.342   0.773  19.817   0.000 0 0 0 0 0 1 
1236 64  48193 1157.07 1199.63  -0.01   0.06  21.850  0.025  22.143  21.610  22.067   4.436   0.913  33.065   5.193   0.818  26.137  12.127   0.763  21.738   0.600 0 0 0 0 2 1 
1236 64  49313 1467.05 1517.76  -0.24  -0.10  22.813  0.030  22.827  22.432  22.688   4.058   0.860  64.790   4.073   0.804  69.126   7.801   0.752  72.386   0.041 0 0 0 0 0 1 
