# Visit  CCD  FakeID  FakeX  FakeY   DiffX   DiffY   CmodMag   CmodErr  ExpMag  DevMag  KronMag  SdssR  SdssBa  SdssPa  ExpR  ExpBa  ExpPa  DevR  DevBa  DevPa  fracDev  SdssMiter ExpMiter DevMiter parentID  nChild  extended
1236 27  38878 1540.17 3008.05   0.25  -0.25  21.781  0.027  21.901  21.533  21.865   3.645   0.969 -21.996   3.797   0.896 -35.553   6.979   0.826 -33.571   0.353 0 0 0 0 0 1 
1236 27 138900  933.55 1861.70  -0.01   0.10  21.971  0.027  21.970  21.458  22.049   4.449   0.945  61.999   4.756   0.939  74.316  10.703   0.925  84.271   0.000 0 0 0 0 0 1 
1236 27  67627 1429.50 1951.78  -0.48  -0.44  22.209  0.028  22.243  21.880  22.257   4.124   0.776  48.866   4.249   0.677  49.866   7.815   0.619  50.364   0.104 0 0 0 0 0 1 
1236 27 181461 1782.68 4071.28  -0.28  -0.25     nan    nan     nan     nan     nan   3.104   0.911 -74.532     nan     nan     nan     nan     nan     nan     nan 0 0 0 0 0 1 
1236 27 136054 1495.16 2466.12  -0.06  -0.08  20.849  0.026  20.894  20.556  20.852   3.696   0.975  34.456   3.614   0.990 -19.196   6.196   0.971 -43.476   0.144 0 0 0 0 0 1 
1236 27  46379  136.61 1280.62  -0.05  -0.12  22.012  0.027  22.012  21.806  22.006   3.345   0.904  53.770   2.862   0.900  58.691   3.788   0.908  58.118   0.000 0 0 0 0 0 1 
1236 27 184172 1479.60 1345.86  -0.16  -0.36  22.698  0.032  22.710  22.547  22.667   2.948   0.961  20.768   2.325   0.942  -2.904   2.724   0.963  59.699   0.070 0 0 0 0 0 1 
1236 27 128111  430.70 3175.73   0.01  -0.18  22.955  0.034  22.954  22.692  22.975   3.715   0.930  26.865   3.359   0.921  17.709   5.201   0.880  55.383   0.000 0 0 0 1061831879690001 0 1 
1236 27 201000  685.42  466.85  -1.00  -1.00  -1.000 -1.000  -1.000  -1.000  -1.000  -1.000  -1.000  -1.000  -1.000  -1.000  -1.000  -1.000  -1.000  -1.000  -1.000 -1 -1 -1 -1 -1 -1 
1236 27 114097  465.45  600.96  -0.64  -1.47  22.102  0.027  22.102  21.559  22.164   5.117   0.804  -6.639   5.677   0.749  -7.353  13.633   0.707  -6.937   0.000 0 0 0 1061831879688505 0 1 
1236 27 158600  403.61 1119.32  -1.00  -1.00  -1.000 -1.000  -1.000  -1.000  -1.000  -1.000  -1.000  -1.000  -1.000  -1.000  -1.000  -1.000  -1.000  -1.000  -1.000 -1 -1 -1 -1 -1 -1 
1236 27  19851  288.76 2177.34  -0.09  -0.06  19.628  0.026  19.711  19.244  19.677   4.669   0.986  60.653   5.285   0.986 -71.806  11.310   0.963 -55.774   0.201 0 0 0 0 2 1 
1236 27  47773  774.36 3190.33   0.58   0.15  23.204  0.037  23.204  22.775     nan   4.734   0.852  54.689   4.645   0.864  44.215   9.434   0.812  21.240   0.000 0 0 0 1061831879690021 0 1 
1236 27 184255 1185.81 1234.36  -0.17  -0.13  21.739  0.027  21.860  21.420  21.799   4.190   0.929  37.804   4.324   0.932  46.547   8.557   0.945  63.055   0.307 0 0 0 0 0 1 
1236 27  95536  656.85 1266.85  -0.14  -0.02  21.869  0.027  21.880  21.634  21.836   3.275   0.925  51.519   2.850   0.930  58.183   4.003   0.950  73.950   0.049 0 0 0 0 0 1 
1236 27 108555 1098.15  346.54   0.07  -0.15  21.508  0.027  21.556  21.156  21.515   4.007   0.972  64.833   4.061   0.959 -70.910   7.722   0.940 -64.487   0.133 0 0 0 0 2 1 
1236 27  79922  571.39 3240.51  -0.08  -0.10  21.457  0.026  21.456  21.156  21.486   3.682   0.937  45.646   3.503   0.947  39.607   5.589   0.961  36.470   0.000 0 0 0 0 0 1 
1236 27 194071  609.76 2865.65  -0.05   0.05  22.950  0.035  22.988  22.872  22.941   2.678   0.957  -4.836   1.999   0.837 -31.448   2.124   0.796 -45.467   0.325 0 0 0 1061831879689821 0 1 
1236 27 134368 1454.87 1049.42  -0.10  -0.07  21.066  0.026  21.083  20.839  21.050   3.304   0.959  31.341   2.901   0.976  16.171   4.125   0.969   4.464   0.075 0 0 0 1061831879688736 0 1 
1236 27  71791 2007.96  988.01   0.04  -0.01  23.026  0.035  23.026  22.684  22.989   3.893   0.898  -0.998   3.747   0.862 -14.502   6.568   0.820 -30.280   0.000 0 0 0 0 0 1 
1236 27 120800  860.21 1535.21   0.01  -0.00  21.710  0.027  21.710  21.320  21.667   3.805   0.974  44.689   3.770   0.982 -29.772   7.131   0.942 -40.315   0.000 0 0 0 0 0 1 
1236 27 189642 1903.56   23.41   0.44  -0.41  22.767  0.032  23.024  22.613     nan   5.025   0.672 -83.343   5.642   0.499 -81.966  11.852   0.378 -82.068   0.658 0 0 0 0 2 1 
1236 27 113770  423.33 2255.39  -0.36  -0.41  22.731  0.031  22.760  22.444  22.745   3.880   0.790 -28.866   3.874   0.641 -30.465   6.633   0.571 -27.916   0.101 0 0 0 1061831879689498 0 1 
1236 27 162496  931.44  820.74  -0.05  -0.14  21.952  0.027  21.952  21.409  21.945   4.516   0.930  64.415   4.834   0.945  72.628  11.171   0.968 -85.750   0.000 0 0 0 0 0 1 
1236 27  20814 1178.36 3889.18  -0.19  -0.76  23.145  0.037  23.145  22.807  23.149   3.506   0.977  24.505   3.310   0.921 -36.635   5.772   0.867 -41.753   0.000 0 0 0 0 0 1 
1236 27 102927 1786.95  714.26  -1.64  -0.40  22.162  0.028  22.721  22.153  22.181   4.294   0.762   8.323   5.106   0.697   4.638  11.682   0.722  -3.617   0.986 0 0 0 1061831879688555 0 1 
1236 27  78016  802.11  153.97   0.26  -0.07     nan    nan     nan     nan     nan   3.111   0.924  66.723     nan     nan     nan     nan     nan     nan     nan 0 0 0 1061831879688259 0 1 
1236 27  20502  790.07 3948.70   0.30  -0.43  21.473  0.026  21.472  20.983  21.512   4.764   0.863 -36.653   5.235   0.795 -37.369  11.787   0.751 -39.412   0.000 0 0 0 0 0 1 
1236 27  98274 1535.82 1624.60   0.27  -0.15  22.718  0.032  22.886  22.588  22.486   3.239   0.873 -56.698   2.944   0.745 -58.340   4.569   0.737 -77.651   0.584 0 0 0 0 0 1 
1236 27 199937 1649.02 1793.19  -0.01  -0.07  20.064  0.026  20.339  19.727  20.295   4.643   0.972  34.068   5.204   0.974  23.540  14.131   0.849   3.800   0.504 0 0 0 0 2 1 
1236 27 190506 1416.27 3833.92   0.03  -0.17  21.054  0.026  21.054  20.630  21.043   4.219   0.976 -44.347   4.517   0.937 -39.724   9.032   0.912 -37.483   0.000 0 0 0 0 0 1 
1236 27  46376 1486.99  880.51  -0.25  -0.17  22.914  0.033  22.914  22.555  22.890   3.947   0.818 -76.460   3.899   0.708 -74.569   7.163   0.663 -76.831   0.000 0 0 0 0 0 1 
1236 27 185508  175.47 2901.70  -0.26  -0.31  22.844  0.032  22.843  22.508  22.875   3.969   0.876  20.926   3.793   0.848  12.588   6.600   0.825   4.127   0.000 0 0 0 0 0 1 
1236 27  49970  404.96 3737.61  -0.07  -0.08  21.561  0.026  21.613  21.211  21.583   4.158   0.917 -69.797   4.511   0.846 -63.498   8.855   0.786 -59.758   0.146 0 0 0 1061831879690334 0 1 
1236 27  20319  973.37 3190.15  -0.06  -0.15  21.816  0.027  21.823  21.589  21.793   3.262   0.928  27.006   2.840   0.916  11.665   3.940   0.918   8.412   0.033 0 0 0 0 0 1 
1236 27  62649  161.59  317.75  -0.00  -0.12  21.434  0.026  21.437  20.969  21.429   4.420   0.939  46.468   4.640   0.943  44.366   9.728   0.946  44.365   0.008 0 0 0 0 0 1 
1236 27  72360  122.71 3498.45   0.11   1.21     nan    nan     nan     nan     nan     nan     nan     nan     nan     nan     nan     nan     nan     nan     nan 0 0 0 0 0 1 
1236 27 118862 1892.52  544.71   0.03  -0.33  22.728  0.031  22.728  22.374  22.737   3.670   0.977  17.795   3.517   0.974 -30.493   6.227   0.954 -19.032   0.000 0 0 0 0 0 1 
1236 27 145219  597.72 3147.24  -0.11  -0.05  21.833  0.027  21.887  21.579  21.826   3.499   0.967  86.495   3.365   0.916 -72.564   5.520   0.869 -73.679   0.189 0 0 0 0 0 1 
1236 27   1633 1624.04 1609.93  -0.04  -0.43  22.250  0.028  22.249  21.663  22.300   4.767   0.915 -14.743   5.258   0.895 -28.557  13.142   0.866 -39.510   0.000 0 0 0 0 0 1 
1236 27 157351  741.69 3491.53  -0.51  -0.06  22.308  0.028  22.307  21.860  22.361   4.376   0.850   0.129   4.681   0.766  -6.468  10.232   0.675  -9.755   0.000 0 0 0 1061831879690185 0 1 
1236 27 162352 1732.91 2899.03   0.01   0.04  22.139  0.028  22.606  22.039  22.371   4.152   0.879 -13.363   5.269   0.692 -16.723  13.263   0.585 -18.922   0.854 0 0 0 0 3 1 
1236 27  79028  361.28 3137.89   0.59   0.48  23.411  0.043  23.410  23.121  23.458   3.461   0.867  52.174   3.216   0.817  60.274   5.189   0.750  61.292   0.000 0 0 0 1061831879689986 0 1 
1236 27  74040 1724.68 3311.90   0.05   0.05  21.342  0.027  21.504  21.195  21.408   3.578   0.855  31.487   3.557   0.772  27.548   5.761   0.735  26.256   0.544 0 0 0 1061831879690098 0 1 
1236 27  11596  377.44 2158.47  -1.00  -1.00  -1.000 -1.000  -1.000  -1.000  -1.000  -1.000  -1.000  -1.000  -1.000  -1.000  -1.000  -1.000  -1.000  -1.000  -1.000 -1 -1 -1 -1 -1 -1 
1236 27 106304  589.26 1526.20  -0.01   0.04  22.680  0.031  22.770  22.581  22.747   3.025   0.946  61.616   2.548   0.912  74.523   3.199   0.902  75.697   0.480 0 0 0 0 0 1 
1236 27 131150 1506.96 1190.96   0.09  -0.68     nan    nan     nan     nan     nan   3.055   0.966  43.320     nan     nan     nan     nan     nan     nan     nan 0 0 0 0 0 1 
1236 27 117273  851.70  965.39  -0.22  -0.53  22.531  0.029  22.627  21.998     nan   5.525   0.776  60.535   6.250   0.719  62.184  16.458   0.691  63.392   0.189 0 0 0 0 0 1 
1236 27  52117 1126.39 1352.96   0.78   0.34  23.636  0.053  23.635  23.620  23.635   2.403   0.885  56.437   1.390   0.758  67.765   1.063   0.686  72.483   0.000 0 0 0 1061831879688891 0 1 
1236 27 135418 1172.17 2594.64   0.02  -0.11  21.286  0.026  21.302  20.963  21.270   3.744   0.944  33.097   3.651   0.940  18.609   6.286   0.918   8.804   0.053 0 0 0 0 0 1 
