# Visit  CCD  FakeID  FakeX  FakeY   DiffX   DiffY   CmodMag   CmodErr  ExpMag  DevMag  KronMag  SdssR  SdssBa  SdssPa  ExpR  ExpBa  ExpPa  DevR  DevBa  DevPa  fracDev  SdssMiter ExpMiter DevMiter parentID  nChild  extended
1236 48  69973  184.60 3625.20   0.18   0.18  22.184  0.020  22.291  21.879  22.253   4.091   0.921 -63.685   4.237   0.909 -65.500   8.038   0.923 -69.158   0.287 0 0 0 1061922074003679 0 1 
1236 48 165541   22.22 2530.40  -0.22  -0.40  22.275  0.021  22.750  22.275  22.461   3.826   0.759 -89.153   4.527   0.548 -81.509  10.227   0.404 -72.660   1.000 0 0 0 0 3 1 
1236 48 163993  942.77 3660.62   0.30   0.09  22.443  0.021  22.490  21.829  22.512   5.097   0.879 -18.641   5.755   0.858 -21.551  15.709   0.834 -26.475   0.092 0 0 0 0 0 1 
1236 48 141758 1292.34  416.78  -0.05  -0.21  20.995  0.018  21.021  20.740  20.988   3.397   0.991  48.432   3.165   0.973 -28.267   4.894   0.944 -33.950   0.096 0 0 0 0 0 1 
1236 48  57845   45.05 3845.42  -1.00  -1.00  -1.000 -1.000  -1.000  -1.000  -1.000  -1.000  -1.000  -1.000  -1.000  -1.000  -1.000  -1.000  -1.000  -1.000  -1.000 -1 -1 -1 -1 -1 -1 
1236 48  15875  204.83 3150.43   0.04  -0.26  22.006  0.019  22.006  21.375  22.018   4.922   0.934 -11.748   5.615   0.893 -10.068  15.078   0.859  -9.224   0.000 0 0 0 0 0 1 
1236 48 137426  307.42 3535.39   0.17   0.17  22.133  0.020  22.234  21.607  23.706   5.432   0.825  31.221   6.143   0.791  32.768  16.046   0.777  35.597   0.197 0 0 0 0 0 1 
1236 48  95792 1430.25 3821.12  -0.09  -0.03  22.157  0.020  22.157  21.690  22.068   4.254   0.897  66.339   4.390   0.903  67.427   8.994   0.939  76.337   0.000 0 0 0 0 0 1 
1236 48  62487 1753.55  593.19  -0.08   0.04  21.734  0.019  21.886  21.361  21.845   4.628   0.947  51.839   5.111   0.938  51.098  11.536   0.944  47.730   0.331 0 0 0 1061922074001809 0 1 
1236 48 186623 1174.97 2602.38   0.81  -1.08  22.309  0.021  22.795  22.268  22.146   4.160   0.738 -85.373   4.847   0.601 -83.513  10.980   0.565 -74.227   0.934 0 0 0 1061922074003024 0 1 
1236 48  14245 1211.01 1020.54  -0.01  -0.06  19.997  0.018  20.140  19.698  20.084   4.395   0.979 -76.821   4.875   0.973 -65.615   9.903   0.953 -52.859   0.352 0 0 0 1061922074002074 0 1 
1236 48  34264 1707.13 1727.80  -1.00  -1.00  -1.000 -1.000  -1.000  -1.000  -1.000  -1.000  -1.000  -1.000  -1.000  -1.000  -1.000  -1.000  -1.000  -1.000  -1.000 -1 -1 -1 -1 -1 -1 
1236 48 111732 1764.11 4110.15   0.02   0.03  21.634  0.018  21.930  21.436  21.854   4.088   0.953  58.154   4.518   0.919  68.742   9.540   0.939  66.032   0.640 0 0 0 1061922074003927 0 1 
1236 48  69022  962.88  303.76   0.11  -0.22  21.926  0.019  22.145  21.616  22.118   4.066   0.967 -19.246   4.272   0.975 -26.199   9.924   0.916  46.303   0.464 0 0 0 0 2 1 
1236 48 152801 1362.71 3767.27  -0.14   0.65     nan    nan     nan     nan     nan   3.171   0.790 -86.952     nan     nan     nan     nan     nan     nan     nan 0 0 0 0 0 1 
1236 48  46588 1918.84  244.89   0.12  -0.10  23.115  0.029  23.115  22.867     nan   3.536   0.919  86.788   3.138   0.918 -76.577   4.687   0.903 -46.610   0.000 0 0 0 1061922074001578 0 1 
1236 48 177774 1396.49 1992.62  -0.20  -0.10  22.189  0.021  22.280  21.986  22.330   3.514   0.952  15.858   3.285   0.948  16.933   5.118   0.946  27.504   0.328 0 0 0 0 0 1 
1236 48 103784 1336.99 2561.68   0.05  -0.13  20.248  0.018  20.339  19.814  20.300   4.745   0.992 -74.421   5.425   0.985 -48.204  12.487   0.974 -37.129   0.202 0 0 0 1061922074003029 0 1 
1236 48  81313  490.28 1875.93   0.20  -0.13  22.275  0.021  22.275  21.720  22.358   4.801   0.872  31.979   5.200   0.856  29.745  12.294   0.859  28.226   0.000 0 0 0 0 0 1 
1236 48  95518  924.68 3351.98  -0.00  -0.03  20.833  0.018  20.881  20.386  20.865   4.530   0.987 -55.480   4.986   0.984 -49.952  10.937   0.982 -57.767   0.114 0 0 0 0 0 1 
1236 48 177905  770.72  160.40  -0.96  -0.20  22.848  0.025  22.848  22.321     nan   4.927   0.723  -0.949   5.398   0.631  -4.585  12.732   0.581  -7.422   0.000 0 0 0 0 0 1 
1236 48 190311  983.90  988.03  -0.03  -0.04  21.533  0.019  21.851  21.275  21.807   4.664   0.913 -81.214   5.180   0.918 -62.988  12.861   0.855 -38.051   0.606 0 0 0 0 2 1 
1236 48  53278  609.17 2534.69   0.10  -0.09  22.640  0.022  22.776  22.123  22.738   4.459   0.937   2.055   5.187   0.862  11.368  14.523   0.775  14.003   0.256 0 0 0 0 2 1 
1236 48 193516 1405.03 2512.40   0.04  -0.06  20.384  0.018  20.454  19.923  20.421   4.808   0.994  25.303   5.520   0.992  -0.860  12.921   0.976 -26.265   0.154 0 0 0 0 0 1 
1236 48  66925  598.53 2610.95  -0.06  -0.13  21.404  0.019  21.549  21.147  21.494   3.820   0.967 -33.996   3.887   0.943 -42.199   7.381   0.911 -55.247   0.391 0 0 0 0 0 1 
1236 48 196173 1053.65  176.48   0.01  -1.77  22.454  0.022  22.507  22.066  22.477   4.645   0.752 -13.942   5.024   0.642 -13.729  10.409   0.594 -12.276   0.140 0 0 0 1061922074001529 0 1 
1236 48 106717 1447.10 1716.69  -0.00  -0.72  22.010  0.019  22.377  21.716  22.316   5.573   0.863 -89.599   7.590   0.682 -83.744  21.351   0.622 -84.227   0.619 0 0 0 0 2 1 
1236 48  99237 1541.56 1529.97  -0.63   0.49  22.789  0.024  22.934  22.458  22.841   3.996   0.803  78.396   4.310   0.686  79.150   9.450   0.616  78.112   0.343 0 0 0 1061922074002405 0 1 
1236 48 122676 1816.88 3901.37   0.53  -0.11  21.527  0.018  21.755  21.292  21.685   6.049   0.571 -35.376   6.811   0.498 -34.676  14.360   0.482 -33.898   0.527 0 0 0 1061922074003830 0 1 
1236 48  59652  836.63 3995.27   1.57  -0.09  22.377  0.021  22.377  21.920  22.456   4.369   0.779 -68.068   4.618   0.697 -67.579   9.650   0.682 -68.719   0.000 0 0 0 0 0 1 
1236 48  98625  160.19  704.60  -0.05  -0.29  22.499  0.022  22.499  22.087     nan   3.966   0.972  19.687   3.891   0.982   3.283   7.531   0.980 -86.656   0.000 0 0 0 0 0 1 
1236 48  31515  992.29 1616.57   0.25   0.10  22.472  0.022  22.641  22.051  22.500   4.787   0.812 -70.245   5.292   0.770 -71.156  13.124   0.746 -72.886   0.336 0 0 0 0 0 1 
1236 48 151442   37.84 1605.05   0.16  -0.05  20.094  0.018  20.150  19.700  20.122   4.522   0.987 -53.084   5.024   0.977 -38.512  10.431   0.963 -35.766   0.141 0 0 0 0 0 1 
1236 48  32926 1768.95  615.35   0.08   0.06  20.309  0.018  20.823  20.148  20.674   4.596   0.969  37.583   5.344   0.949  35.523  15.688   0.807  49.559   0.803 0 0 0 0 3 1 
1236 48  85719 1296.41 2355.05  -0.21   0.33  22.747  0.024  22.801  22.509  22.774   4.228   0.685  76.914   4.299   0.552  77.170   7.034   0.493  74.678   0.198 0 0 0 0 0 1 
1236 48 186287 1514.65 2413.38  -0.37   0.34  22.643  0.022  22.642  22.005  22.718   4.608   0.965  37.920   5.095   0.950  21.370  13.532   0.926  10.983   0.000 0 0 0 0 0 1 
1236 48  92559  451.29 2558.01   0.05   0.04  22.341  0.021  22.653  22.229  22.461   3.345   0.948 -82.468   3.336   0.847  74.567   7.559   0.567  60.927   0.758 0 0 0 0 2 1 
1236 48  56834  710.99   76.09  -0.66   0.03     nan    nan     nan     nan     nan   3.016   0.971  39.099     nan     nan     nan     nan     nan     nan     nan 0 0 0 1061922074001441 0 1 
1236 48  80981 1353.82  965.66  -0.24  -0.02  22.772  0.024  22.771  22.221     nan   4.623   0.913 -88.463   4.939   0.885 -83.799  11.912   0.840 -81.976   0.000 0 0 0 0 0 1 
1236 48  71232  408.40 3330.42   0.01   0.03  22.288  0.020  22.315  21.774  22.241   4.334   0.931  30.937   4.761   0.913  21.269  10.937   0.928  12.532   0.062 0 0 0 1061922074003489 0 1 
1236 48 102425  515.93 2467.22   0.19   0.07  22.669  0.023  22.668  22.211  22.699   4.222   0.925  80.434   4.307   0.917 -86.109   8.963   0.893 -71.686   0.000 0 0 0 0 0 1 
1236 48  17066   88.50 2717.21   0.12  -0.07  21.140  0.018  21.246  20.637  21.182   5.045   0.922  -0.134   5.875   0.892  -2.853  15.050   0.883  -5.577   0.209 0 0 0 1061922074003118 0 1 
1236 48  86313  620.61 1004.42   0.21   0.16  22.152  0.021  22.264  22.008  22.193   3.212   0.944 -54.875   2.908   0.870 -49.530   4.253   0.833 -51.957   0.452 0 0 0 1061922074002063 0 1 
1236 48  68321 1111.94  766.96   0.24  -0.14  22.517  0.023  22.542  22.301  22.555   3.358   0.895  15.000   2.991   0.827   8.621   4.214   0.824   8.194   0.112 0 0 0 0 0 1 
1236 48 200806  647.90 2317.42   0.41  -0.30     nan    nan     nan     nan  21.422   5.179   0.710 -26.084     nan     nan     nan     nan     nan     nan     nan 0 0 0 1061922074002912 0 1 
1236 48  17447  841.00 1773.96  -0.16  -0.36  22.840  0.025  22.840  22.422     nan   3.897   0.890 -88.143   3.963   0.827 -85.056   8.003   0.752 -85.569   0.000 0 0 0 0 0 1 
1236 48  45795  988.52 1981.45   0.14   0.14  23.023  0.027  23.023  22.499     nan   4.633   0.860  40.056   4.843   0.834  38.903  10.883   0.841  40.792   0.000 0 0 0 0 0 1 
1236 48  82022  971.86 4091.79   0.16  -0.03  21.530  0.018  21.530  20.925  21.540   4.936   0.924  36.628   5.580   0.890  35.418  14.287   0.876  35.085   0.000 0 0 0 1061922074003931 0 1 
1236 48  95319 1594.15 3344.15  -0.12  -0.09  21.829  0.019  21.829  21.264  21.835   4.812   0.934 -13.559   5.370   0.919 -11.627  13.063   0.917  -7.650   0.000 0 0 0 1061922074003498 0 1 
1236 48  45939 1352.80 1518.20  -0.13   0.65  22.227  0.020  22.227  21.702  22.243   4.724   0.856  64.478   5.201   0.797  59.681  12.188   0.754  57.639   0.000 0 0 0 0 0 1 
