# Visit  CCD  FakeID  FakeX  FakeY   DiffX   DiffY   CmodMag   CmodErr  ExpMag  DevMag  KronMag  SdssR  SdssBa  SdssPa  ExpR  ExpBa  ExpPa  DevR  DevBa  DevPa  fracDev  SdssMiter ExpMiter DevMiter parentID  nChild  extended
1236 64  69973  184.60 3625.20   0.28  -0.21  22.384  0.027  22.393  22.027     nan   3.788   0.981  50.509   3.816   0.930 -29.445   7.318   0.795 -32.159   0.027 0 0 0 0 0 1 
1236 64 165541   22.22 2530.40  -0.22  -0.40  23.181  0.036  23.181  23.223     nan   2.894   0.927   6.676   2.195   0.829  -1.627   1.588   0.801  -5.500   0.000 0 0 0 0 0 1 
1236 64 163993  942.77 3660.62   0.06  -1.24  22.862  0.030  22.906  22.452  23.036   4.270   0.796  -4.301   4.602   0.684  -3.004   9.767   0.623   0.374   0.113 0 0 0 1061990793480333 0 1 
1236 64 141758 1292.34  416.78   0.25  -0.02  20.914  0.025  20.914  20.608  20.879   3.731   0.923  15.167   3.642   0.875   8.249   5.924   0.852   5.868   0.000 0 0 0 0 0 1 
1236 64  57845   45.05 3845.42  -0.06   0.46  24.221  0.075  24.220  24.218  24.238   2.181   0.921  73.139   1.072   0.733  84.596   0.715   0.727  87.473   0.000 0 0 0 1061990793480451 0 1 
1236 64  15875  204.83 3150.43   0.01   0.10  21.509  0.025  21.743  20.997  21.654   5.427   0.880 -75.955   6.582   0.842 -75.843  19.959   0.816 -75.848   0.384 0 0 0 0 0 1 
1236 64 137426  307.42 3535.39   0.10   0.02  22.468  0.027  22.522  22.003  22.530   4.634   0.825 -40.983   5.107   0.755 -43.554  11.815   0.702 -45.734   0.125 0 0 0 0 0 1 
1236 64  95792 1430.25 3821.12   0.01  -0.14  22.266  0.027  22.266  21.859  22.213   3.953   0.984  30.381   4.015   0.963  -7.751   7.788   0.928 -14.381   0.000 0 0 0 0 0 1 
1236 64  62487 1753.55  593.19  -0.17  -0.62  21.500  0.025  21.819  21.189  21.678   4.730   0.907  82.603   5.565   0.843  79.921  14.991   0.763  77.668   0.569 0 0 0 1061990793478526 0 1 
1236 64 186623 1174.97 2602.38   0.03   0.11  22.674  0.028  22.673  22.242  22.633   4.027   0.937 -80.573   4.184   0.875 -70.485   8.665   0.805 -69.221   0.000 0 0 0 1061990793479667 0 1 
1236 64  14245 1211.01 1020.54   0.01  -0.09  20.034  0.024  20.149  19.720  20.093   4.287   0.999   9.282   4.715   0.980 -24.405   9.420   0.957 -25.921   0.294 0 0 0 0 0 1 
1236 64  34264 1707.13 1727.80  -0.34  -0.28  22.032  0.025  22.032  21.445  22.004   4.956   0.920   5.902   5.652   0.872  -3.063  14.575   0.804 -10.561   0.000 0 0 0 1061990793479159 0 1 
1236 64 111732 1764.11 4110.15  -1.00  -1.00  -1.000 -1.000  -1.000  -1.000  -1.000  -1.000  -1.000  -1.000  -1.000  -1.000  -1.000  -1.000  -1.000  -1.000  -1.000 -1 -1 -1 -1 -1 -1 
1236 64  69022  962.88  303.76  -0.21  -0.24  21.934  0.026  22.049  21.506  21.960   4.548   0.891  35.692   5.005   0.857  32.820  11.654   0.840  31.685   0.249 0 0 0 0 0 1 
1236 64 152801 1362.71 3767.27   0.76  -0.30  23.282  0.035  23.281  22.798  23.343   4.292   0.845   4.990   4.439   0.777   3.245   9.775   0.719   4.803   0.000 0 0 0 0 0 1 
1236 64  46588 1918.84  244.89   0.83  -0.12  22.719  0.029  22.806  22.223  22.798   4.595   0.803 -23.558   4.972   0.764 -26.469  12.078   0.756 -29.532   0.181 0 0 0 0 0 1 
1236 64 177774 1396.49 1992.62  -0.05  -0.05  22.477  0.028  22.477  22.256  22.459   3.216   0.950   2.727   2.832   0.886  -5.647   3.910   0.854  -2.114   0.000 0 0 0 0 0 1 
1236 64 103784 1336.99 2561.68   0.07  -0.03  20.307  0.024  20.337  19.814  20.310   4.774   0.976 -68.424   5.398   0.972 -55.516  12.473   0.952 -50.266   0.069 0 0 0 1061990793479637 0 1 
1236 64  81313  490.28 1875.93   0.18   0.23  22.155  0.026  22.154  21.583     nan   4.988   0.850 -80.208   5.589   0.790 -77.602  14.039   0.730 -75.018   0.000 0 0 0 0 0 1 
1236 64  95518  924.68 3351.98   0.03  -0.04  20.754  0.024  20.886  20.355  20.838   4.525   0.975  87.847   5.047   0.963 -88.378  11.837   0.919  85.600   0.288 0 0 0 0 2 1 
1236 64 177905  770.72  160.40  -0.00   0.21  22.872  0.030  22.947  22.450  22.990   4.760   0.802  72.379   4.999   0.737  73.348  11.124   0.684  72.376   0.178 0 0 0 0 0 1 
1236 64 190311  983.90  988.03   0.63   1.20  21.590  0.025  21.590  20.911  23.689   6.632   0.652  61.599   7.848   0.597  61.352  22.950   0.548  61.669   0.000 0 0 0 0 0 1 
1236 64  53278  609.17 2534.69  -0.12   0.43  22.167  0.026  22.696  22.138  22.600   5.351   0.753  -8.906   6.329   0.666 -11.029  14.735   0.656 -12.684   0.957 0 0 0 0 2 1 
1236 64 193516 1405.03 2512.40   0.14   0.06  20.369  0.024  20.369  19.789  20.369   5.360   0.888  38.873   6.146   0.882  36.260  15.318   0.871  35.877   0.000 0 0 0 1061990793479604 0 1 
1236 64  66925  598.53 2610.95  -0.05  -0.09  21.544  0.025  21.543  21.171  21.531   3.892   0.936  74.106   3.863   0.931  81.613   6.935   0.944  89.423   0.000 0 0 0 0 0 1 
1236 64 196173 1053.65  176.48  -0.01   0.03  21.705  0.025  21.987  21.375  21.928   4.986   0.880 -32.933   5.781   0.835 -32.444  14.745   0.811 -31.574   0.522 0 0 0 0 0 1 
1236 64 106717 1447.10 1716.69  -0.39   0.06  22.565  0.027  22.621  22.049  22.440   4.271   0.989  42.397   4.776   0.932  11.340  11.862   0.871  13.614   0.119 0 0 0 1061990793479184 0 1 
1236 64  99237 1541.56 1529.97   0.16  -0.25  22.197  0.026  22.552  21.928  22.530   5.093   0.865  34.979   5.869   0.801  31.911  15.147   0.778  31.478   0.629 0 0 0 0 0 1 
1236 64 122676 1816.88 3901.37   1.12  -1.39     nan    nan     nan     nan     nan   3.542   0.892 -81.532     nan     nan     nan     nan     nan     nan     nan 0 0 0 1061990793480602 0 1 
1236 64  59652  836.63 3995.27  -0.13  -0.96  22.961  0.030  23.031  22.513  22.740   4.627   0.649 -86.897   5.206   0.492 -87.278  12.315   0.429 -88.888   0.162 0 0 0 1061990793480531 0 1 
1236 64  98625  160.19  704.60   0.33  -0.38  22.449  0.027  22.449  22.059  22.441   4.079   0.865 -42.848   4.215   0.779 -38.547   8.093   0.719 -36.632   0.000 0 0 0 0 0 1 
1236 64  31515  992.29 1616.57   0.45  -0.40  22.907  0.030  22.906  22.513     nan   3.939   0.915 -59.311   3.860   0.878 -60.712   7.320   0.862 -64.447   0.000 0 0 0 0 0 1 
1236 64 151442   37.84 1605.05   0.16  -0.05  20.090  0.024  20.152  19.701  20.119   4.510   0.986 -81.346   4.982   0.981 -71.145  10.290   0.974 -61.750   0.154 0 0 0 0 0 1 
1236 64  32926 1768.95  615.35  -0.01  -0.12  20.751  0.024  20.850  20.339  20.794   4.662   0.965  81.094   5.201   0.952  89.272  11.604   0.952 -78.336   0.224 0 0 0 1061990793478526 0 1 
1236 64  85719 1296.41 2355.05   0.00   0.01  23.025  0.033  23.025  22.866  23.587   3.156   0.859  56.666   2.649   0.788  56.053   3.225   0.746  56.895   0.000 0 0 0 0 0 1 
1236 64 186287 1514.65 2413.38   0.33  -0.05  22.858  0.030  22.857  22.369  22.889   4.174   0.939  62.462   4.272   0.950  41.163   9.428   0.905  21.777   0.000 0 0 0 1061990793479564 0 1 
1236 64  92559  451.29 2558.01   0.14  -0.14  22.672  0.029  22.672  22.426  22.719   3.534   0.897 -62.018   3.250   0.846 -64.030   4.825   0.791 -72.337   0.000 0 0 0 1061990793479634 0 1 
1236 64  56834  710.99   76.09  -0.07  -0.21  21.957  0.026  22.154  21.627  22.104   4.783   0.890 -12.464   5.472   0.846  -8.294  12.506   0.833  -7.465   0.421 0 0 0 1061990793478195 0 1 
1236 64  80981 1353.82  965.66  -0.05   0.16  22.644  0.028  22.907  22.379     nan   4.162   0.932  63.227   4.402   0.903  60.244   9.907   0.882  59.667   0.550 0 0 0 0 0 1 
1236 64  71232  408.40 3330.42  -0.09   0.15  22.455  0.027  22.455  22.060  22.437   3.867   0.946 -48.358   3.968   0.857 -43.155   7.852   0.760 -42.775   0.000 0 0 0 0 0 1 
1236 64 102425  515.93 2467.22   0.20  -0.09  22.747  0.029  22.747  22.333  23.359   4.035   0.949  13.007   3.944   0.960  17.768   7.569   0.960  52.613   0.000 0 0 0 0 0 1 
1236 64  17066   88.50 2717.21   0.53  -0.08     nan    nan     nan     nan  21.189   5.011   0.987 -12.067     nan     nan     nan     nan     nan     nan     nan 0 0 0 0 0 1 
1236 64  86313  620.61 1004.42  -0.02   0.01  22.120  0.026  22.280  21.985  22.236   3.273   0.943  48.273   2.843   0.934  46.779   4.456   0.894 -60.189   0.565 0 0 0 0 2 1 
1236 64  68321 1111.94  766.96  -0.21  -0.17  22.241  0.027  22.443  22.110  22.234   3.532   0.929 -64.871   3.353   0.868 -58.238   5.585   0.845 -59.345   0.630 0 0 0 0 0 1 
1236 64 200806  647.90 2317.42  -0.01   0.10  22.105  0.026  22.104  21.914  22.143   3.153   0.951  75.095   2.633   0.944 -78.540   3.406   0.926 -57.619   0.000 0 0 0 0 0 1 
1236 64  17447  841.00 1773.96  -0.07   0.17  22.647  0.028  22.647  22.124  22.699   4.268   0.937  84.482   4.469   0.927  88.008  10.051   0.923 -89.410   0.000 0 0 0 0 0 1 
1236 64  45795  988.52 1981.45   0.14   0.12  22.832  0.029  22.831  22.274  22.915   4.679   0.828  26.465   5.080   0.786  24.878  12.043   0.779  20.032   0.000 0 0 0 1061990793479347 0 1 
1236 64  82022  971.86 4091.79  -0.03  -0.04  21.685  0.025  21.684  21.129  25.627   4.691   0.961  39.967   5.181   0.956  38.627  12.349   0.953  38.674   0.000 0 0 0 0 0 1 
1236 64  95319 1594.15 3344.15   0.11   0.03  21.816  0.025  21.816  21.228  23.657   4.872   0.927  42.014   5.455   0.908  38.098  13.731   0.893  39.875   0.000 0 0 0 0 0 1 
1236 64  45939 1352.80 1518.20   0.07   0.50  22.360  0.026  22.360  21.792  22.345   4.783   0.829  72.740   5.245   0.788  69.902  12.870   0.752  66.048   0.000 0 0 0 0 0 1 
