# Visit  CCD  FakeID  FakeX  FakeY   DiffX   DiffY   CmodMag   CmodErr  ExpMag  DevMag  KronMag  SdssR  SdssBa  SdssPa  ExpR  ExpBa  ExpPa  DevR  DevBa  DevPa  fracDev  SdssMiter ExpMiter DevMiter parentID  nChild  extended
1236 26 107318  358.00 1927.93   0.00  -0.16  22.121  0.025  22.162  21.812  22.186   3.672   0.973 -58.370   3.609   0.942 -60.911   6.341   0.912 -49.280   0.130 0 0 0 0 0 1 
1236 26  32672   56.53 3472.48   0.01  -0.44  20.527  0.023  20.644  20.156  20.578   4.512   0.974  -0.920   5.008   0.979 -11.074  10.871   0.971 -45.326   0.271 0 0 0 0 0 1 
1236 26 147468 1574.35 2129.72  -0.03  -0.20  21.501  0.023  21.607  21.140  21.579   4.288   0.940 -13.115   4.677   0.899 -19.100   9.958   0.862 -17.902   0.257 0 0 0 0 0 1 
1236 26 117392 1006.56 1245.15   0.46   0.54  22.690  0.028  22.838  22.361     nan   5.016   0.706  21.895   5.410   0.629  23.085  11.681   0.588  24.599   0.352 0 0 0 0 0 1 
1236 26  43237 1452.11 1721.26  -0.18  -0.21  22.045  0.025  22.169  21.698  22.048   4.166   0.912  31.948   4.416   0.872  26.214   9.327   0.846  21.098   0.299 0 0 0 0 0 1 
1236 26 174970  180.47  944.51  -0.05   0.20     nan    nan     nan     nan     nan   2.997   0.887  40.650     nan     nan     nan     nan     nan     nan     nan 0 0 0 0 0 1 
1236 26 168048  204.25 2742.26  -0.29  -0.35  22.840  0.030  23.019  22.571  22.975   3.869   0.951  29.976   3.796   0.957  20.239   7.811   0.901   0.120   0.440 0 0 0 1061827584722354 0 1 
1236 26 101708  727.64 1089.22  -0.20  -0.17  23.030  0.031  23.030  22.506  23.092   3.948   0.952 -67.075   4.167   0.910  85.624   9.764   0.835  74.289   0.000 0 0 0 0 0 1 
1236 26 151607 1526.54 1495.88  -0.06   0.03     nan    nan     nan     nan  21.736   4.584   0.958   2.297     nan     nan     nan     nan     nan     nan     nan 0 0 0 1061827584721639 0 1 
1236 26 139903 1925.55 2320.12  -0.17   0.04  22.147  0.025  22.147  21.922  25.111   3.443   0.887  18.500   3.097   0.831  16.752   4.393   0.777  18.476   0.000 0 0 0 0 0 1 
1236 26  14360 1254.20 3602.62   0.01  -0.43  22.800  0.030  22.881  22.538  23.117   3.627   0.899 -69.008   3.630   0.794 -67.964   6.356   0.734 -66.882   0.257 0 0 0 0 0 1 
1236 26 128574  336.52 3371.75  -0.29  -0.13  22.539  0.028  22.782  22.413  22.424   3.467   0.885 -15.814   3.366   0.792 -17.492   6.046   0.742 -11.622   0.685 0 0 0 0 0 1 
1236 26 130087 2011.96 3598.38   0.04  -0.38     nan    nan     nan     nan  21.905   4.470   0.975 -76.975     nan     nan     nan     nan     nan     nan     nan 0 0 0 1061827584722838 0 1 
1236 26  87005 1577.54 2342.31  -0.01  -0.06  21.320  0.023  21.319  21.146  21.317   3.032   0.984  46.968   2.523   0.963 -82.267   3.113   0.944 -87.261   0.000 0 0 0 0 0 1 
1236 26  11067 1376.95 3972.26  -0.33   0.01  22.377  0.026  22.377  21.735  22.453   4.738   0.921 -46.874   5.386   0.873 -42.619  14.646   0.821 -39.003   0.000 0 0 0 0 0 1 
1236 26 186858 1701.35 1354.54  -0.75  -0.01  23.332  0.036  23.332  22.845  23.402   4.669   0.857  88.420   4.751   0.808 -88.162  10.730   0.736 -89.876   0.000 0 0 0 0 0 1 
1236 26  34257 1947.96 2165.22   0.26  -0.20  21.933  0.024  21.932  21.535     nan   4.032   0.961  -7.387   4.085   0.941 -18.958   7.780   0.921 -25.585   0.000 0 0 0 0 0 1 
1236 26  28621  639.52 1940.01  -0.03   0.03  22.323  0.026  22.401  21.926     nan   4.042   0.970  26.411   4.203   0.958  19.017   8.873   0.942  14.882   0.191 0 0 0 0 0 1 
1236 26 100970 1547.48  925.75   0.02   0.13  22.767  0.029  22.766  22.447  22.654   3.424   0.948 -13.483   3.150   0.935 -48.895   5.365   0.856 -65.933   0.000 0 0 0 0 0 1 
1236 26 157903 2008.91 3970.28   0.09   0.72  22.160  0.025  22.161  21.707  22.139   4.688   0.745   1.769   5.069   0.666   1.199  10.578   0.643   0.406   0.000 0 0 0 1061827584723003 0 1 
1236 26  13278 1421.48 2713.54  -0.29   0.10  22.011  0.024  22.088  21.512  22.078   4.472   0.953  40.070   4.918   0.935  44.837  11.942   0.924  49.782   0.165 0 0 0 1061827584722342 0 1 
1236 26  23365 1792.56   50.76  -1.00  -1.00  -1.000 -1.000  -1.000  -1.000  -1.000  -1.000  -1.000  -1.000  -1.000  -1.000  -1.000  -1.000  -1.000  -1.000  -1.000 -1 -1 -1 -1 -1 -1 
1236 26  61839 1954.46 3434.00  -0.27  -0.23  22.534  0.027  22.723  22.116  22.462   4.416   0.967  64.624   4.819   0.952  67.781  12.015   0.950  67.859   0.367 0 0 0 0 0 1 
1236 26 155191   47.41 1617.75  -0.01  -0.05  19.316  0.023  19.433  19.053  19.365   4.195   0.991  -2.695   4.560   0.990 -42.312   8.382   0.976 -45.342   0.328 0 0 0 0 0 1 
1236 26 112567 1556.97 3707.13  -1.00  -1.00  -1.000 -1.000  -1.000  -1.000  -1.000  -1.000  -1.000  -1.000  -1.000  -1.000  -1.000  -1.000  -1.000  -1.000  -1.000 -1 -1 -1 -1 -1 -1 
1236 26 112321  203.59 1302.32  -0.07  -0.14  21.008  0.023  21.013  20.710  20.989   3.620   0.979 -28.341   3.548   0.945 -47.142   5.745   0.924 -49.757   0.018 0 0 0 0 0 1 
1236 26  87189 1718.22 4005.91   0.12  -0.19  22.927  0.032  22.933  22.729  22.858   3.073   0.951 -50.214   2.678   0.890 -65.308   3.510   0.879 -85.718   0.028 0 0 0 1061827584723026 0 1 
1236 26 141776 1929.27 1796.96   0.54  -0.16  22.343  0.026  22.659  22.098  22.564   4.794   0.836 -79.802   5.652   0.703 -76.682  14.140   0.611 -76.156   0.614 0 0 0 1061827584721847 0 1 
1236 26  68560 1917.96 1977.86   0.29  -0.28  22.703  0.027  22.703  22.035     nan   4.663   0.899  51.135   5.143   0.898  48.672  14.026   0.900  47.013   0.000 0 0 0 0 0 1 
1236 26 104506 1569.26  268.76  -0.40   0.13  21.764  0.024  22.535  21.720  22.143   6.649   0.809 -70.846   8.166   0.765 -73.353  26.575   0.724 -75.961   0.960 0 0 0 0 0 1 
1236 26  19182 1551.23 3568.24  -0.06  -0.11  21.437  0.023  21.585  21.038  21.536   4.627   0.949  21.316   5.170   0.935  28.162  12.112   0.925  32.367   0.313 0 0 0 0 0 1 
1236 26 107677 1702.07 2081.21  -0.02  -0.06  21.229  0.023  21.228  21.046  21.206   3.065   0.948  46.049   2.519   0.944  61.985   3.080   0.971  65.963   0.000 0 0 0 1061827584721986 0 1 
1236 26  12632  685.97 3697.27  -0.19  -0.09  22.696  0.028  22.695  22.216     nan   4.745   0.824 -41.453   5.193   0.754 -43.306  11.489   0.697 -42.147   0.000 0 0 0 1061827584722893 0 1 
1236 26  46769 1000.38 3725.72   0.14  -0.07  22.474  0.027  22.474  22.262  22.739   3.250   0.933 -40.078   2.901   0.828 -45.668   4.043   0.754 -49.458   0.000 0 0 0 0 0 1 
1236 26 108299  761.90 1254.11  -0.27  -0.14  21.463  0.024  21.655  21.050  21.640   4.819   0.937  28.136   5.459   0.946  25.655  13.718   0.947  21.858   0.371 0 0 0 0 0 1 
1236 26 105214 1832.85 2862.85  -0.08   0.13  22.594  0.027  22.633  22.076  22.629   4.450   0.907 -72.575   4.949   0.841 -75.298  12.257   0.755 -79.094   0.086 0 0 0 1061827584722426 0 1 
1236 26  86980  543.92 2054.82   0.03  -0.19  20.906  0.023  21.043  20.458  20.990   4.922   0.965 -69.868   5.822   0.925 -73.512  14.598   0.900 -67.997   0.276 0 0 0 0 2 1 
1236 26 154575 1255.51 1274.96  -0.31   0.13  21.944  0.024  22.304  21.556  22.258   5.196   0.930  -7.049   6.650   0.822  -8.621  20.804   0.741  -8.446   0.560 0 0 0 0 0 1 
1236 26  88531 2017.32  262.78  -1.00  -1.00  -1.000 -1.000  -1.000  -1.000  -1.000  -1.000  -1.000  -1.000  -1.000  -1.000  -1.000  -1.000  -1.000  -1.000  -1.000 -1 -1 -1 -1 -1 -1 
1236 26    902  446.77 3987.53  -0.02  -0.23  21.164  0.023  21.185  20.697  21.167   4.554   0.946 -50.001   4.999   0.913 -55.866  11.025   0.880 -58.502   0.051 0 0 0 0 0 1 
1236 26 191287 1068.34  328.28   0.22  -0.15  22.073  0.025  22.221  21.654  22.128   4.734   0.795 -87.670   5.438   0.721 -86.707  13.367   0.673 -85.162   0.305 0 0 0 1061827584721063 0 1 
1236 26 154169 1516.67 2928.56  -0.02  -0.13  22.027  0.025  22.145  21.897  22.074   3.192   0.923  42.283   2.818   0.877  45.831   4.055   0.836  46.393   0.490 0 0 0 0 0 1 
1236 26 115026 1852.99 3892.96  -0.01  -0.11  20.064  0.023  20.075  19.711  20.051   4.020   0.991  54.766   4.190   0.973 -67.207   7.610   0.948 -61.639   0.034 0 0 0 0 0 1 
1236 26   6374  450.86 1300.27   0.07   0.04  22.677  0.029  22.710  22.485  22.727   3.221   0.915  -9.118   2.814   0.884 -14.905   3.818   0.888 -13.657   0.157 0 0 0 0 0 1 
1236 26 149432 1787.28 3849.05   0.05  -0.01  21.735  0.024  21.939  21.317  22.024   4.956   0.921  84.594   5.597   0.911 -87.610  14.194   0.927 -77.506   0.385 0 0 0 0 0 1 
1236 26 147237 2018.45  382.73  -0.45  -0.73     nan    nan     nan     nan     nan   3.056   0.873  59.227     nan     nan     nan     nan     nan     nan     nan 0 0 0 0 0 1 
1236 26 103290 1805.64 2184.88  -0.10  -0.04  22.054  0.024  22.054  21.490  22.007   4.335   0.960 -33.956   4.717   0.941 -36.954  11.331   0.921 -29.165   0.001 0 0 0 0 0 1 
1236 26 170157 1540.10 3113.59   0.73  -0.22  22.951  0.031  22.989  22.545  22.954   4.144   0.870  31.240   4.299   0.831  28.774   8.789   0.793  33.180   0.100 0 0 0 1061827584722574 0 1 
1236 26  91918 1579.20 1968.46  -0.08  -0.05  20.924  0.023  20.975  20.472  20.987   4.723   0.919  17.904   5.211   0.910  14.902  11.529   0.912   9.787   0.121 0 0 0 0 0 1 
1236 26  23840  753.47 1710.70  -0.27  -0.03  22.364  0.025  22.363  21.749  25.795   4.859   0.919  40.866   5.429   0.879  42.871  14.247   0.830  41.953   0.000 0 0 0 0 0 1 
