# Visit  CCD  FakeID  FakeX  FakeY   DiffX   DiffY   CmodMag   CmodErr  ExpMag  DevMag  KronMag  SdssR  SdssBa  SdssPa  ExpR  ExpBa  ExpPa  DevR  DevBa  DevPa  fracDev  SdssMiter ExpMiter DevMiter parentID  nChild  extended
1236 59 134523  728.48  392.40  -0.12  -0.16  22.516  0.025  22.516  21.779     nan   5.087   0.940  68.725   5.720   0.952  48.367  17.208   0.939  23.964   0.000 0 0 0 0 0 1 
1236 59 102668  106.60  262.61   0.04  -0.39  22.732  0.027  22.732  22.385  22.703   3.804   0.960 -79.390   3.711   0.926 -62.254   6.573   0.886 -58.201   0.000 0 0 0 0 0 1 
1236 59 109763  703.90 3231.22   0.05   0.09  21.391  0.023  21.643  21.101  21.566   4.384   0.970 -56.821   4.919   0.953 -69.035  11.529   0.917 -79.293   0.514 0 0 0 0 2 1 
1236 59   7031  647.00 1265.50   0.07   0.03  22.319  0.025  22.319  21.841     nan   4.201   0.926 -80.289   4.366   0.918 -78.042   9.279   0.924 -76.094   0.000 0 0 0 0 0 1 
1236 59  80708  602.57  736.64   0.11   0.13     nan    nan     nan     nan  20.820   2.913   0.968 -57.518     nan     nan     nan     nan     nan     nan     nan 0 0 0 1061969318642076 0 1 
1236 59 181356  503.54   53.95   0.08  -0.08  22.365  0.025  22.365  21.880     nan   4.225   0.958  75.084   4.425   0.939  64.079   9.727   0.901  54.596   0.000 0 0 0 0 0 1 
1236 59 155065  632.40 2597.03   0.05   0.09  23.396  0.036  23.522  23.105  23.451   4.063   0.756 -37.018   4.455   0.592 -34.289   9.445   0.453 -31.745   0.336 0 0 0 1061969318643244 0 1 
1236 59 166506 1085.95 1531.70   0.03  -0.09  19.750  0.023  20.052  19.583  19.903   4.211   0.980  35.569   4.944   0.919  21.978  10.665   0.836  19.605   0.673 0 0 0 0 3 1 
1236 59  94482  488.24 3622.54  -0.04  -0.07  19.440  0.023  19.490  19.023  19.450   4.681   0.994  62.671   5.304   0.996  25.675  11.301   0.986  10.631   0.120 0 0 0 1061969318643933 0 1 
1236 59  44191 1635.13 3273.74  -0.16   0.12  21.997  0.024  21.997  21.486  21.967   4.186   0.990  24.553   4.547   0.965   1.308  10.227   0.948   1.541   0.000 0 0 0 0 0 1 
1236 59 125133 1386.82 2443.81  -0.04   0.18  21.783  0.023  21.865  21.254  21.837   4.767   0.958 -69.220   5.429   0.941 -63.250  13.984   0.920 -57.562   0.166 0 0 0 1061969318643151 0 1 
1236 59  45879 1094.41 3113.77   0.60   0.60  22.270  0.025  22.528  22.132  22.380   3.643   0.836 -53.831   3.895   0.688 -54.896   7.783   0.560 -60.176   0.680 0 0 0 1061969318643564 0 1 
1236 59  79838  596.32  122.51   0.08   0.04  19.909  0.023  19.990  19.531  19.939   4.586   0.975  51.451   5.205   0.958  31.631  10.951   0.946  22.938   0.199 0 0 0 0 2 1 
1236 59  56832 1027.47 3634.98  -0.12  -0.10  22.671  0.027  23.043  22.529  22.865   4.132   0.893  48.017   4.489   0.814  46.845  10.125   0.750  45.922   0.762 0 0 0 0 0 1 
1236 59  89908 1822.09 1607.55  -0.07  -0.06  19.974  0.023  20.086  19.591  20.053   4.555   0.984  47.530   5.164   0.982  35.111  11.283   0.984  23.548   0.256 0 0 0 0 2 1 
1236 59  33999 1856.96 3706.76   0.04  -0.56     nan    nan     nan     nan     nan     nan     nan     nan     nan     nan     nan     nan     nan     nan     nan 0 0 0 0 0 1 
1236 59  47773 1985.71 2423.96  -0.60  -0.17     nan    nan     nan     nan     nan     nan     nan     nan     nan     nan     nan     nan     nan     nan     nan 0 0 0 0 0 1 
1236 59 153939 1346.13 2462.32  -0.06  -0.09  23.127  0.033  23.127  22.903  23.121   3.359   0.943  26.989   3.043   0.857  16.122   4.445   0.744  10.872   0.000 0 0 0 0 0 1 
1236 59   6038  912.41 3825.32   0.30   0.09  23.062  0.031  23.106  22.643  23.073   4.586   0.712  79.248   4.812   0.631  78.485  10.140   0.591  78.803   0.112 0 0 0 0 0 1 
1236 59 194043 1833.86 1859.99  -0.04  -0.47  22.446  0.025  22.512  21.912  24.911   4.678   0.913 -64.853   5.236   0.873 -60.169  13.335   0.832 -55.894   0.136 0 0 0 0 0 1 
1236 59  84160  354.54  771.87  -0.27  -0.16  22.540  0.026  22.540  22.291  22.592   3.342   0.923 -35.683   3.079   0.863 -35.506   4.479   0.852 -33.898   0.000 0 0 0 0 0 1 
1236 59  40159   70.94 2750.93  -0.06  -0.02  22.810  0.029  22.859  22.658  22.834   3.065   0.964 -46.770   2.689   0.889 -47.696   3.622   0.812 -49.899   0.251 0 0 0 0 0 1 
1236 59 118821 1875.81  658.85   0.14  -0.27  22.191  0.024  22.191  21.576     nan   4.642   0.915 -85.449   5.202   0.895 -82.948  13.378   0.886 -82.148   0.000 0 0 0 0 0 1 
1236 59 187254 1984.54 1797.25  -0.19  -0.06  22.557  0.027  22.633  22.401  22.545   3.014   0.954 -82.534   2.587   0.921 -63.990   3.616   0.879 -58.618   0.342 0 0 0 0 0 1 
1236 59 146686  869.52 3631.34  -0.78  -0.73  23.080  0.030  23.080  22.470     nan   5.484   0.753  16.586   6.312   0.663  16.155  16.836   0.600  15.963   0.000 0 0 0 0 0 1 
1236 59  14522  710.37 2158.94  -0.13   0.04  22.341  0.025  22.522  22.115  22.360   3.702   0.893  89.890   3.732   0.846  88.922   7.136   0.808  87.960   0.479 0 0 0 1061969318642970 0 1 
1236 59 106564 1398.62 2091.37  -0.11  -0.01  22.873  0.027  22.873  22.178     nan   4.591   0.922  53.371   5.192   0.902  48.084  14.793   0.889  47.658   0.000 0 0 0 0 0 1 
1236 59 195594 1942.89 1641.23  -0.12  -0.03  21.354  0.023  21.431  21.082  21.386   3.623   0.965  45.705   3.609   0.944  31.629   6.319   0.912  18.934   0.240 0 0 0 0 0 1 
1236 59 178483 1324.50 3145.06  -1.06  -0.25  23.491  0.038  23.490  23.077     nan   3.593   0.950 -86.881   3.359   0.965 -77.155   6.581   0.927  60.954   0.000 0 0 0 1061969318643607 0 1 
1236 59  73319 1433.66 3376.39  -0.03   0.01  22.227  0.025  22.226  21.790  23.269   4.102   0.914  63.279   4.144   0.894  58.957   8.357   0.879  53.644   0.000 0 0 0 1061969318643741 0 1 
1236 59  26122  664.14 2063.05  -0.18  -0.03  23.047  0.031  23.046  22.826     nan   3.181   0.981 -28.561   2.780   0.928  -0.451   3.950   0.846   5.509   0.000 0 0 0 0 0 1 
1236 59  90843 1604.04 3595.60  -0.53  -0.14  22.987  0.029  22.987  22.407  22.831   4.339   0.940  25.773   4.527   0.960  22.948  10.860   0.989 -70.980   0.000 0 0 0 0 0 1 
1236 59  90834 1784.47  234.66  -0.04  -0.26  22.685  0.027  22.715  22.445  22.642   3.540   0.869  -7.717   3.382   0.779  -6.365   5.186   0.736  -6.091   0.121 0 0 0 0 0 1 
1236 59  62200 1517.05  160.53   0.28  -0.19  22.412  0.025  22.517  22.043  22.463   4.236   0.948 -70.563   4.374   0.959 -61.075   9.141   0.965 -43.702   0.253 0 0 0 0 0 1 
1236 59 112954  401.39  786.05  -0.01  -0.20  22.347  0.025  22.910  22.348  22.767   4.755   0.768  42.347   6.436   0.574  38.129  15.511   0.522  36.377   1.000 0 0 0 0 2 1 
1236 59  63996  555.88 1241.46  -0.01  -0.89  22.793  0.028  22.793  22.423     nan   4.247   0.815 -14.545   4.390   0.726 -15.094   8.362   0.660 -16.371   0.000 0 0 0 1061969318642408 0 1 
1236 59 166029 1346.90 3331.30  -0.47  -0.02  22.357  0.025  22.730  22.135  23.440   6.017   0.624 -62.990   7.574   0.485 -64.776  20.694   0.377 -66.221   0.679 0 0 0 0 2 1 
1236 59  90461  696.75 2289.30   0.19   0.18  23.039  0.030  23.038  22.656     nan   4.292   0.837 -24.983   4.388   0.742 -22.023   8.485   0.660 -18.413   0.000 0 0 0 0 0 1 
1236 59 124487 1334.46 1662.10  -0.22  -0.06  20.671  0.023  20.758  20.246  20.715   4.622   0.958  28.163   5.227   0.953  21.862  11.816   0.940   9.939   0.198 0 0 0 1061969318642668 0 1 
1236 59 123271  291.62 2974.07   0.06  -0.03  22.465  0.025  22.465  21.989     nan   4.506   0.898  37.118   4.776   0.870  32.112  10.488   0.837  25.753   0.000 0 0 0 1061969318643467 0 1 
1236 59 119156  395.10 2609.39  -0.22  -0.28  22.885  0.030  22.954  22.722  22.985   3.355   0.852 -51.619   3.086   0.737 -50.114   4.455   0.657 -51.418   0.309 0 0 0 0 0 1 
1236 59  24961 1327.55  731.47  -0.19  -0.48  23.005  0.029  23.148  22.614  23.092   4.286   0.857  34.533   4.543   0.820  36.995  10.295   0.812  40.188   0.311 0 0 0 0 0 1 
1236 59  78507   82.19  520.57  -0.09  -0.15  22.783  0.028  22.782  22.508  22.788   3.237   0.967 -27.465   2.993   0.908 -16.392   4.689   0.846 -14.579   0.000 0 0 0 0 0 1 
1236 59  17551 1752.69 3797.75  -0.10  -0.22  22.470  0.026  22.521  21.974  22.460   4.219   0.967  78.714   4.579   0.966 -87.815  10.772   0.947 -67.395   0.113 0 0 0 1061969318644018 0 1 
1236 59 152196  360.71 1034.59   0.03  -0.27  21.458  0.023  21.458  20.899  21.456   4.651   0.968  45.920   5.239   0.944  31.906  12.695   0.923  28.348   0.000 0 0 0 0 0 1 
1236 59  18258  576.41 1020.70   0.18  -0.33  22.117  0.024  22.117  21.514     nan   5.136   0.877  64.710   5.682   0.855  62.941  14.762   0.831  62.849   0.000 0 0 0 0 0 1 
1236 59 127463  277.20 1058.59   0.03  -0.02  23.008  0.030  23.008  22.571     nan   3.988   0.936 -86.525   3.963   0.932 -87.943   7.926   0.935  83.623   0.000 0 0 0 0 0 1 
1236 59 134727 1084.63 2571.32   0.25  -0.10  22.982  0.030  22.982  22.668  25.228   3.600   0.887  27.770   3.419   0.819  25.639   5.641   0.801  32.886   0.000 0 0 0 0 0 1 
1236 59  48193 1157.07 1199.63   0.09  -0.28  22.382  0.025  22.382  21.834  22.350   4.661   0.919 -22.575   5.148   0.889 -19.880  12.386   0.853 -24.869   0.000 0 0 0 1061969318642381 0 1 
1236 59  49313 1467.05 1517.76  -0.01  -0.38     nan    nan     nan     nan     nan   2.910   0.956   6.384     nan     nan     nan     nan     nan     nan     nan 0 0 0 0 0 1 
