# Visit  CCD  FakeID  FakeX  FakeY   DiffX   DiffY   CmodMag   CmodErr  ExpMag  DevMag  KronMag  SdssR  SdssBa  SdssPa  ExpR  ExpBa  ExpPa  DevR  DevBa  DevPa  fracDev  SdssMiter ExpMiter DevMiter parentID  nChild  extended
1236 26  69973  184.60 3625.20   0.21  -0.32  22.183  0.025  22.258  21.759  22.219   4.334   0.950  26.989   4.661   0.947  32.629  10.256   0.933  42.197   0.176 0 0 0 1061827584722850 0 1 
1236 26 165541   22.22 2530.40  -0.22  -0.40  22.696  0.029  22.838  22.486  22.728   3.638   0.799  79.236   3.474   0.657  82.436   6.640   0.502  80.731   0.430 0 0 0 0 2 1 
1236 26 163993  942.77 3660.62   0.18   0.57  22.546  0.026  22.551  21.886  22.579   4.869   0.920  35.023   5.534   0.869  32.079  15.411   0.817  31.181   0.011 0 0 0 0 0 1 
1236 26 141758 1292.34  416.78   0.02  -0.10  20.877  0.023  20.958  20.635  20.895   3.583   0.948 -16.972   3.504   0.919 -29.099   5.808   0.901 -34.690   0.269 0 0 0 1061827584721097 0 1 
1236 26  57845   45.05 3845.42  -0.80  -0.34  22.041  0.024  22.041  21.449  22.017   5.365   0.917 -17.714   6.163   0.887 -24.536  15.879   0.854 -27.142   0.000 0 0 0 1061827584722937 0 1 
1236 26  15875  204.83 3150.43  -0.21  -0.05  21.970  0.024  21.970  21.321     nan   4.844   0.982 -12.189   5.598   0.949 -65.598  15.554   0.879 -70.462   0.000 0 0 0 1061827584722586 0 1 
1236 26 137426  307.42 3535.39  -0.23   0.67  24.924  0.154  24.924  24.929  24.981   1.998   0.945  44.915   0.606   0.821  80.034   0.356   0.800  86.972   0.000 0 0 0 1061827584722797 0 0 
1236 26  95792 1430.25 3821.12   0.20  -1.06  22.006  0.025  22.006  21.624  21.997   3.889   0.917 -79.502   3.929   0.868 -71.744   7.329   0.852 -67.103   0.000 0 0 0 0 0 1 
1236 26  62487 1753.55  593.19   0.06   0.26  22.105  0.025  22.105  21.667     nan   4.157   0.966 -89.347   4.357   0.910 -82.834   8.988   0.870 -78.310   0.000 0 0 0 1061827584721194 0 1 
1236 26 186623 1174.97 2602.38  -0.20  -0.24  22.133  0.025  22.487  21.914  22.388   4.325   0.869 -85.765   4.837   0.828 -85.346  11.501   0.822 -83.067   0.671 0 0 0 0 0 1 
1236 26  14245 1211.01 1020.54  -0.03  -0.10  20.028  0.023  20.140  19.705  20.093   4.319   0.991  37.308   4.736   0.985  72.602   9.501   0.977  89.437   0.285 0 0 0 0 0 1 
1236 26  34264 1707.13 1727.80   0.02   0.25  22.075  0.024  22.075  21.467  22.086   4.864   0.972  28.385   5.442   0.961  22.753  14.255   0.922  13.565   0.000 0 0 0 1061827584721790 0 1 
1236 26 111732 1764.11 4110.15  -0.26  -0.09  22.135  0.025  22.135  21.752  22.179   4.113   0.865  46.902   4.232   0.806  50.418   7.926   0.775  54.334   0.000 0 0 0 1061827584723067 0 1 
1236 26  69022  962.88  303.76  -0.21   0.08  22.168  0.025  22.168  21.727  22.189   4.013   0.969 -45.476   4.164   0.950 -55.942   8.588   0.904 -59.152   0.000 0 0 0 1061827584721044 0 1 
1236 26 152801 1362.71 3767.27   0.04  -0.71  22.832  0.029  23.137  22.512     nan   4.621   0.816  19.652   5.185   0.771  22.607  13.207   0.766  24.029   0.552 0 0 0 0 0 1 
1236 26  46588 1918.84  244.89  -1.00  -1.00  -1.000 -1.000  -1.000  -1.000  -1.000  -1.000  -1.000  -1.000  -1.000  -1.000  -1.000  -1.000  -1.000  -1.000  -1.000 -1 -1 -1 -1 -1 -1 
1236 26 177774 1396.49 1992.62  -0.04  -0.30  22.098  0.025  22.284  21.929  22.182   3.530   0.921  50.533   3.404   0.896  44.846   6.019   0.841  23.128   0.551 0 0 0 0 0 1 
1236 26 103784 1336.99 2561.68  -0.05  -0.07  20.211  0.023  20.331  19.815  20.297   4.700   0.989  44.653   5.323   0.992 -69.537  12.213   0.961 -45.233   0.266 0 0 0 0 2 1 
1236 26  81313  490.28 1875.93  -0.02  -0.09  22.102  0.024  22.101  21.397  22.182   5.553   0.810 -85.248   6.448   0.772 -84.324  18.607   0.758 -83.723   0.000 0 0 0 0 0 1 
1236 26  95518  924.68 3351.98  -0.14  -0.13  20.773  0.023  20.836  20.341  20.806   4.519   0.987  10.880   5.049   0.991  -1.532  11.155   0.978 -65.821   0.149 0 0 0 1061827584722693 0 1 
1236 26 177905  770.72  160.40   1.10  -0.36     nan    nan     nan     nan     nan   3.190   0.882 -37.092     nan     nan     nan     nan     nan     nan     nan 0 0 0 0 0 1 
1236 26 190311  983.90  988.03  -0.17  -0.25  21.556  0.024  21.661  21.055  21.629   4.934   0.932 -55.385   5.709   0.879 -54.862  14.877   0.827 -54.899   0.210 0 0 0 1061827584721403 0 1 
1236 26  53278  609.17 2534.69  -1.00  -1.00  -1.000 -1.000  -1.000  -1.000  -1.000  -1.000  -1.000  -1.000  -1.000  -1.000  -1.000  -1.000  -1.000  -1.000  -1.000 -1 -1 -1 -1 -1 -1 
1236 26 193516 1405.03 2512.40  -0.06  -0.01  20.399  0.023  20.448  19.909  20.421   4.787   0.983  23.582   5.422   0.990  28.698  12.702   0.990  56.029   0.109 0 0 0 0 0 1 
1236 26  66925  598.53 2610.95   0.16  -0.09  21.319  0.023  21.470  21.033  21.385   3.995   0.936  44.159   4.125   0.934  48.039   8.110   0.947  49.639   0.381 0 0 0 0 0 1 
1236 26 196173 1053.65  176.48   0.59   0.47  21.711  0.024  21.841  21.295  21.860   4.696   0.855  87.659   5.278   0.805 -88.288  12.315   0.793 -85.568   0.277 0 0 0 1061827584720982 0 1 
1236 26 106717 1447.10 1716.69   0.01   0.02  22.270  0.025  22.364  21.664  22.113   4.930   0.937 -21.234   5.628   0.919 -22.148  15.943   0.910 -19.968   0.172 0 0 0 0 0 1 
1236 26  99237 1541.56 1529.97  -0.01   0.08  22.767  0.029  22.803  22.316  22.713   4.241   0.953  57.735   4.416   0.917  69.258   9.672   0.866  73.728   0.089 0 0 0 0 0 1 
1236 26 122676 1816.88 3901.37  -0.09  -0.15  22.137  0.025  22.137  21.816  22.130   3.702   0.923  38.140   3.480   0.915  35.281   5.728   0.914  23.112   0.000 0 0 0 0 0 1 
1236 26  59652  836.63 3995.27  -0.04  -0.13  22.596  0.027  22.596  21.856  22.745   4.868   0.938   4.908   5.599   0.924   1.294  16.749   0.906  -0.331   0.000 0 0 0 0 0 1 
1236 26  98625  160.19  704.60  -0.29  -0.09  22.505  0.027  22.505  22.076  22.512   4.095   0.897 -15.562   4.290   0.823 -19.488   8.749   0.760 -21.562   0.000 0 0 0 0 0 1 
1236 26  31515  992.29 1616.57   0.08   0.06  22.830  0.029  22.829  22.400     nan   4.124   0.992 -77.309   4.145   0.969 -84.286   8.376   0.941  86.092   0.000 0 0 0 0 0 1 
1236 26 151442   37.84 1605.05   0.16  -0.05  20.070  0.023  20.142  19.681  20.091   4.484   0.996  73.355   4.995   0.985 -69.877  10.538   0.969 -59.832   0.179 0 0 0 0 0 1 
1236 26  32926 1768.95  615.35  -0.04  -0.08  20.967  0.023  20.972  20.527  21.016   4.325   0.982  86.213   4.713   0.949 -85.546   9.720   0.930 -78.097   0.013 0 0 0 1061827584721194 0 1 
1236 26  85719 1296.41 2355.05  -0.18  -0.12  22.854  0.031  22.853  22.667  22.892   3.269   0.949 -40.201   2.843   0.855 -49.663   3.785   0.797 -51.665   0.000 0 0 0 0 0 1 
1236 26 186287 1514.65 2413.38  -0.23  -0.03  22.597  0.027  22.596  21.943  22.674   4.849   0.938  66.605   5.322   0.925  76.106  14.447   0.899  86.137   0.000 0 0 0 0 0 1 
1236 26  92559  451.29 2558.01  -0.58  -0.10  22.452  0.027  22.452  22.178  22.447   3.535   0.869  -0.223   3.277   0.781  -3.740   5.154   0.733  -4.149   0.000 0 0 0 0 0 1 
1236 26  56834  710.99   76.09   0.13  -0.18  22.109  0.025  22.111  21.516  22.069   4.875   0.912  75.530   5.517   0.861  76.779  14.038   0.818  78.970   0.004 0 0 0 0 0 1 
1236 26  80981 1353.82  965.66  -1.00  -1.00  -1.000 -1.000  -1.000  -1.000  -1.000  -1.000  -1.000  -1.000  -1.000  -1.000  -1.000  -1.000  -1.000  -1.000  -1.000 -1 -1 -1 -1 -1 -1 
1236 26  71232  408.40 3330.42  -0.01  -0.28  22.300  0.025  22.299  21.825  22.345   4.402   0.852 -42.210   4.963   0.721 -39.282  11.411   0.604 -37.059   0.000 0 0 0 0 0 1 
1236 26 102425  515.93 2467.22   0.31  -0.31  22.392  0.026  22.498  21.942  22.533   4.624   0.846  29.119   5.104   0.800  28.951  12.120   0.778  28.607   0.229 0 0 0 0 0 1 
1236 26  17066   88.50 2717.21  -0.01  -0.07  21.313  0.023  21.350  20.819  21.343   4.661   0.974 -51.875   5.192   0.953 -46.437  12.121   0.926 -41.439   0.085 0 0 0 0 0 1 
1236 26  86313  620.61 1004.42   0.16  -0.11  22.047  0.025  22.121  21.811  22.093   3.546   0.968  40.520   3.285   0.985  66.456   5.313   0.974 -51.675   0.255 0 0 0 1061827584721407 0 1 
1236 26  68321 1111.94  766.96  -0.01  -0.06  22.542  0.028  22.579  22.373  22.554   3.255   0.915  -7.770   2.886   0.829 -18.125   4.078   0.704 -20.591   0.186 0 0 0 0 0 1 
1236 26 200806  647.90 2317.42  -0.00   0.06  22.083  0.025  22.124  21.916  22.075   3.106   0.949   5.419   2.638   0.916  -6.168   3.541   0.868  -8.814   0.206 0 0 0 1061827584722119 0 1 
1236 26  17447  841.00 1773.96   0.00   0.09  22.625  0.027  22.624  22.153  22.544   4.103   0.941  80.146   4.310   0.889  78.231   9.285   0.834  76.083   0.000 0 0 0 0 0 1 
1236 26  45795  988.52 1981.45  -0.30  -0.07     nan    nan     nan     nan     nan   3.115   0.969 -13.131     nan     nan     nan     nan     nan     nan     nan 0 0 0 0 0 1 
1236 26  82022  971.86 4091.79  -0.14  -0.29  21.552  0.024  21.552  20.949  21.532   4.933   0.983  37.162   5.575   0.971  88.060  14.654   0.916 -85.403   0.000 0 0 0 1061827584723059 0 1 
1236 26  95319 1594.15 3344.15  -1.00  -1.00  -1.000 -1.000  -1.000  -1.000  -1.000  -1.000  -1.000  -1.000  -1.000  -1.000  -1.000  -1.000  -1.000  -1.000  -1.000 -1 -1 -1 -1 -1 -1 
1236 26  45939 1352.80 1518.20   0.07   0.04  22.423  0.026  22.422  21.837     nan   4.602   0.851  11.814   5.037   0.818  11.241  12.663   0.794  10.326   0.000 0 0 0 0 0 1 
