# Visit  CCD  FakeID  FakeX  FakeY   DiffX   DiffY   CmodMag   CmodErr  ExpMag  DevMag  KronMag  SdssR  SdssBa  SdssPa  ExpR  ExpBa  ExpPa  DevR  DevBa  DevPa  fracDev  SdssMiter ExpMiter DevMiter parentID  nChild  extended
1236 35  91406  530.63 2872.57   0.09  -0.43  23.214  0.032  23.214  23.054     nan   3.303   0.812 -47.282   2.926   0.628 -41.887   3.661   0.574 -34.387   0.000 0 0 0 0 0 1 
1236 35 188343 1768.29 3640.45   0.04  -0.12  21.180  0.018  21.188  20.708  21.163   4.717   0.804  -4.457   5.351   0.713  -7.494  11.902   0.657  -8.147   0.020 0 0 0 0 0 1 
1236 35 117586  441.19 1111.46  -0.12  -0.05  21.256  0.018  21.303  21.031  21.259   3.527   0.908   5.283   3.391   0.833  -2.824   5.186   0.797  -6.681   0.182 0 0 0 1061866239427170 0 1 
1236 35 133703   59.04 2850.65   0.05  -0.14  20.585  0.018  20.894  20.577  20.705   3.421   0.866  23.835   3.438   0.783  18.877   5.445   0.767  17.227   0.978 0 0 0 0 0 1 
1236 35 113494 1564.00  679.70  -0.04  -0.15  21.612  0.018  21.673  21.207  21.575   5.004   0.694  60.188   5.649   0.591  61.307  12.389   0.528  61.920   0.151 0 0 0 0 0 1 
1236 35   5957  180.57 2553.62   0.66   0.22  22.693  0.022  22.692  22.120  22.759   6.977   0.525 -36.905   8.198   0.416 -39.858  21.449   0.358 -43.241   0.000 0 0 0 0 2 1 
1236 35  38039 1123.24  746.79  -0.53  -0.29  23.034  0.027  23.034  22.610     nan   4.744   0.612  83.603   5.122   0.470  84.401  10.455   0.418  84.474   0.000 0 0 0 0 0 1 
1236 35  13989 1225.05 1495.46  -1.49  -1.14  22.449  0.021  22.449  22.051     nan   4.393   0.743  32.874   4.550   0.634  32.260   8.990   0.587  32.304   0.000 0 0 0 0 0 1 
1236 35 161539 1089.14 1261.51   0.07  -0.37  21.391  0.018  21.577  21.203  21.508   4.389   0.735  73.087   4.767   0.626  73.520   8.856   0.573  72.346   0.524 0 0 0 1061866239427285 0 1 
1236 35  75224  696.41 2471.92  -0.39  -0.11  22.811  0.025  22.810  22.475  22.869   4.231   0.685  48.144   4.279   0.561  49.070   7.506   0.518  52.345   0.000 0 0 0 0 0 1 
1236 35 186203  626.55 3546.47  -0.18  -0.31  22.319  0.021  22.615  22.093  22.540   4.241   0.778  45.990   4.716   0.710  46.555  10.525   0.695  47.456   0.616 0 0 0 0 0 1 
1236 35 176089 1742.29 1634.43  -0.46   0.09  23.023  0.027  23.023  22.510     nan   4.574   0.902 -60.374   5.097   0.800 -57.758  12.048   0.708 -59.139   0.000 0 0 0 1061866239427482 0 1 
1236 35  30397 1508.61 1482.20  -0.00  -0.10  21.633  0.018  21.842  21.512  21.770   3.869   0.797  82.979   4.015   0.684  86.658   6.848   0.632 -89.326   0.653 0 0 0 0 0 1 
1236 35  38878  149.23 3418.16  -0.25  -0.24  21.737  0.019  21.987  21.558  21.884   4.169   0.820 -72.860   4.589   0.722 -69.116   9.169   0.677 -70.338   0.616 0 0 0 1061866239428454 0 1 
1236 35 190008  454.56 2803.75  -0.08  -0.18  22.082  0.020  22.162  21.810  22.046   3.533   0.941 -67.786   3.558   0.859 -51.239   6.375   0.788 -41.663   0.248 0 0 0 0 0 1 
1236 35 128740 1042.44 2670.30   0.04   0.01  21.397  0.018  21.504  21.053  21.442   4.699   0.740  14.827   5.267   0.643  13.809  11.076   0.597  13.685   0.266 0 0 0 0 0 1 
1236 35  46093 1455.56 3562.94  -0.13  -0.20  21.634  0.018  21.633  21.121  21.610   5.142   0.749  20.425   5.931   0.680  18.749  13.701   0.644  17.010   0.000 0 0 0 1061866239428536 0 1 
1236 35 195576  158.41 3424.84  -0.11  -0.15  21.569  0.019  21.942  21.570  21.688   3.696   0.804  89.896   3.968   0.679 -88.052   7.062   0.631 -89.184   1.000 0 0 0 1061866239428454 0 1 
1236 35  14825  802.19  655.90  -1.00  -1.00  -1.000 -1.000  -1.000  -1.000  -1.000  -1.000  -1.000  -1.000  -1.000  -1.000  -1.000  -1.000  -1.000  -1.000  -1.000 -1 -1 -1 -1 -1 -1 
1236 35 135023 1792.33   76.45   0.01  -0.14  20.459  0.017  20.714  20.422  20.564   3.252   0.958  51.068   3.063   0.956  60.706   4.579   0.970  82.047   0.878 0 0 0 0 0 1 
1236 35  92771  990.64 3606.44  -0.03  -0.16  20.900  0.018  21.271  20.837  21.092   4.088   0.841  36.913   4.640   0.777  35.475   9.063   0.755  33.938   0.871 0 0 0 1061866239428574 0 1 
1236 35  58133 1884.80 3977.69  -0.03   0.01  20.044  0.017  20.056  19.590  20.044   4.931   0.849  62.852   5.546   0.818  65.903  11.864   0.803  67.365   0.030 0 0 0 0 0 1 
1236 35  30102  368.04 3677.97  -0.25  -0.02  22.307  0.019  22.306  21.542  22.307   8.426   0.502  78.283  10.646   0.434  79.038  34.056   0.410  79.387   0.000 0 0 0 0 2 1 
1236 35  51843 1653.72 2208.02  -0.10  -0.17  20.218  0.017  20.465  20.134  20.339   3.421   0.999  64.329   3.478   0.943 -39.120   5.781   0.899 -41.651   0.759 0 0 0 0 2 1 
1236 35 126087 1728.58 4116.63  -0.03  -0.14  20.807  0.017  21.056  20.769  20.896   3.364   0.878   8.252   3.335   0.753   0.641   5.206   0.685  -1.745   0.873 0 0 0 0 0 1 
1236 35 161788  841.00 1773.96  -0.23  -0.16  22.050  0.019  22.238  21.870  22.164   4.201   0.836 -39.195   4.429   0.742 -39.944   8.133   0.682 -40.632   0.539 0 0 0 1061866239427556 0 1 
1236 35  54583  988.52 1981.45   0.20   0.54  22.806  0.025  23.070  22.629  22.804   4.050   0.667  54.798   4.162   0.539  56.885   7.954   0.576  61.874   0.636 0 0 0 0 0 1 
1236 35 187814  770.72  160.40  -1.00  -1.00  -1.000 -1.000  -1.000  -1.000  -1.000  -1.000  -1.000  -1.000  -1.000  -1.000  -1.000  -1.000  -1.000  -1.000  -1.000 -1 -1 -1 -1 -1 -1 
1236 35 104649   41.68  820.27  -0.68   0.73  22.435  0.021  22.551  22.205  22.508   4.257   0.662 -20.455   4.592   0.480 -23.100   8.370   0.401 -26.903   0.359 0 0 0 0 0 1 
1236 35 116962 2015.06 1550.77  -0.06   0.23  21.596  0.018  21.596  21.303  21.618   3.647   0.899  50.986   3.431   0.886  49.222   5.364   0.901  41.876   0.000 0 0 0 0 0 1 
1236 35 142765 1987.51  702.59   0.00   0.01  22.265  0.020  22.479  22.011     nan   4.330   0.848  20.832   4.574   0.810  20.383   9.471   0.800  22.615   0.499 0 0 0 0 0 1 
1236 35  42571  182.05 1780.21  -0.26  -0.41  22.271  0.021  22.391  22.084  22.333   3.825   0.813  20.345   3.855   0.700  18.936   6.362   0.645  20.089   0.412 0 0 0 0 0 1 
1236 35  31439  208.04 1005.52   0.02  -0.06  22.676  0.023  22.716  22.241  22.679   4.980   0.662 -22.164   5.608   0.526 -22.021  12.583   0.449 -21.707   0.100 0 0 0 1061866239427102 0 1 
1236 35 137198   29.50 1538.71   0.50   0.29  21.357  0.018  21.630  21.333  21.450   3.487   0.765  37.329   3.502   0.612  34.424   5.359   0.605  31.495   0.927 0 0 0 1061866239427400 0 1 
1236 35 130789  401.00 2275.62  -0.03  -0.59  22.879  0.025  23.036  22.515     nan   4.091   0.865  -6.371   4.347   0.803  -2.646   9.695   0.793   2.022   0.345 0 0 0 0 0 1 
1236 35  45841  424.07  695.21   0.09  -0.40  20.968  0.017  21.145  20.521  21.085   6.396   0.605 -69.406   7.854   0.516 -68.582  21.487   0.453 -67.705   0.336 0 0 0 0 0 1 
1236 35 114666 1468.78  499.80  -1.00  -1.00  -1.000 -1.000  -1.000  -1.000  -1.000  -1.000  -1.000  -1.000  -1.000  -1.000  -1.000  -1.000  -1.000  -1.000  -1.000 -1 -1 -1 -1 -1 -1 
1236 35 158476 1513.69  828.80   0.04   0.12     nan    nan     nan     nan     nan   4.078   0.823  69.203     nan     nan     nan     nan     nan     nan     nan 0 0 0 0 0 1 
1236 35  31643  868.07 2666.97   0.20  -0.19  22.371  0.021  22.370  21.982  22.271   4.236   0.772 -30.837   4.487   0.639 -32.760   8.663   0.576 -34.042   0.000 0 0 0 0 0 1 
1236 35 139417 1514.65 2413.38  -0.03  -0.33  20.817  0.017  21.042  20.384  20.990   6.533   0.664 -81.091   8.081   0.598 -80.476  22.693   0.551 -80.244   0.402 0 0 0 0 0 1 
1236 35  12384  924.68 3351.98  -0.21  -0.17  20.556  0.017  20.974  20.181  20.795   8.832   0.514  85.123  11.481   0.461  85.092  37.506   0.430  85.156   0.606 0 0 0 1061866239428422 0 1 
1236 35 189453 1903.08 1234.99  -0.03  -0.31  20.169  0.017  20.169  19.645  20.182   6.051   0.665 -53.833   7.246   0.566 -53.204  17.820   0.496 -53.027   0.000 0 0 0 0 0 1 
1236 35  80543 1083.86 4009.87  -0.39  -0.06  22.031  0.019  22.031  21.572  22.043   5.263   0.636  21.588   5.964   0.515  20.441  13.196   0.441  19.892   0.000 0 0 0 0 0 1 
1236 35  72721  850.52 3484.92  -0.05  -0.05  18.886  0.017  19.143  18.431  19.077   9.017   0.588  -0.526  12.090   0.537  -0.854  37.379   0.482  -1.068   0.423 0 0 0 1061866239428499 0 1 
1236 35 100568  323.28 1436.99   0.03   0.43  22.850  0.025  22.849  22.590     nan   4.073   0.699  71.336   4.045   0.555  72.031   6.640   0.449  71.132   0.000 0 0 0 0 0 1 
1236 35  78507 1426.21 2190.78   0.02  -0.13  22.755  0.025  22.858  22.563     nan   3.528   0.818  14.571   3.509   0.669   9.987   5.794   0.573   8.531   0.368 0 0 0 0 0 1 
1236 35  44394 1793.21 2146.04  -1.00  -1.00  -1.000 -1.000  -1.000  -1.000  -1.000  -1.000  -1.000  -1.000  -1.000  -1.000  -1.000  -1.000  -1.000  -1.000  -1.000 -1 -1 -1 -1 -1 -1 
1236 35  93626  688.02 2738.31  -0.03  -0.01  22.109  0.020  22.119  21.758  22.161   3.932   0.898  82.757   3.969   0.863  89.029   7.168   0.827 -89.506   0.033 0 0 0 0 0 1 
1236 35  15199 1101.84   20.85   0.16   0.15     nan    nan     nan     nan     nan   3.623   0.828  61.075     nan     nan     nan     nan     nan     nan     nan 0 0 0 0 0 1 
1236 35 112584 1182.22 2757.13   0.00  -0.06  21.510  0.018  21.811  21.356  21.664   4.230   0.813  67.206   4.615   0.764  70.681   9.311   0.757  72.571   0.696 0 0 0 1061866239428099 0 1 
