# Visit  CCD  FakeID  FakeX  FakeY   DiffX   DiffY   CmodMag   CmodErr  ExpMag  DevMag  KronMag  SdssR  SdssBa  SdssPa  ExpR  ExpBa  ExpPa  DevR  DevBa  DevPa  fracDev  SdssMiter ExpMiter DevMiter parentID  nChild  extended
1236 66  91406  530.63 2872.57  -0.34  -0.58  22.685  0.027  22.927  22.525  22.807   4.132   0.715 -56.294   4.514   0.574 -56.830   8.775   0.514 -56.233   0.631 0 0 0 1061999383414655 0 1 
1236 66 188343 1768.29 3640.45   0.03  -0.10  21.034  0.023  21.140  20.638  21.103   4.670   0.863  -4.374   5.297   0.817  -3.425  11.828   0.796  -3.260   0.243 0 0 0 1061999383415124 0 1 
1236 66 117586  441.19 1111.46   0.00  -0.07  21.120  0.023  21.277  20.968  21.194   3.463   0.902 -13.260   3.427   0.825 -16.818   5.496   0.806 -23.613   0.527 0 0 0 0 2 1 
1236 66 133703   59.04 2850.65  -0.01  -0.08  20.618  0.023  20.947  20.617  20.727   3.210   0.873  23.798   3.221   0.764  24.082   5.239   0.731  22.361   1.000 0 0 0 0 3 1 
1236 66 113494 1564.00  679.70   0.03  -0.01  21.695  0.023  21.695  21.238  21.706   4.879   0.723  63.410   5.442   0.635  62.981  11.759   0.586  62.921   0.000 0 0 0 1061999383413147 0 1 
1236 66   5957  180.57 2553.62   0.84  -1.14  22.393  0.025  22.546  21.896  22.498   5.668   0.617 -24.890   7.125   0.505 -28.292  20.017   0.446 -29.761   0.285 0 0 0 0 2 1 
1236 66  38039 1123.24  746.79   0.18   0.23  22.778  0.027  23.065  22.602  23.085   4.878   0.616 -69.982   5.656   0.461 -70.620  12.513   0.372 -71.307   0.660 0 0 0 0 0 1 
1236 66  13989 1225.05 1495.46   0.08  -0.39  22.909  0.030  22.954  22.740  22.974   3.407   0.756 -76.425   3.216   0.558 -73.752   4.646   0.449 -71.064   0.215 0 0 0 1061999383413708 0 1 
1236 66 161539 1089.14 1261.51   0.15  -0.09  21.617  0.023  21.753  21.421  21.674   3.736   0.816  62.869   3.774   0.722  63.808   6.344   0.701  66.267   0.434 0 0 0 0 0 1 
1236 66  75224  696.41 2471.92  -0.09  -0.22  22.479  0.026  22.570  22.167  22.490   4.394   0.716  48.116   4.774   0.607  48.888   9.276   0.567  49.417   0.250 0 0 0 1061999383414392 0 1 
1236 66 186203  626.55 3546.47   0.12  -0.52     nan    nan     nan     nan  22.157   4.755   0.701  33.239     nan     nan     nan     nan     nan     nan     nan 0 0 0 1061999383415092 0 1 
1236 66 176089 1742.29 1634.43   1.12  -0.17  22.780  0.026  22.807  22.119  22.720   5.906   0.553 -30.813   7.239   0.449 -32.174  21.605   0.384 -34.440   0.050 0 0 0 0 0 1 
1236 66  30397 1508.61 1482.20  -0.02   0.02  21.598  0.023  21.807  21.475  21.681   3.580   0.859  89.110   3.617   0.791  88.825   5.961   0.789  89.845   0.650 0 0 0 0 0 1 
1236 66  38878  149.23 3418.16  -0.16  -0.36  21.872  0.024  22.035  21.675  21.970   3.639   0.944 -51.377   3.652   0.913 -52.971   6.436   0.889 -47.018   0.480 0 0 0 1061999383415006 0 1 
1236 66 190008  454.56 2803.75   0.04   0.05  22.062  0.024  22.061  21.686  22.046   3.989   0.791 -81.999   4.079   0.701 -82.293   7.566   0.660 -81.860   0.000 0 0 0 1061999383414625 0 1 
1236 66 128740 1042.44 2670.30  -0.01   0.01  21.425  0.023  21.543  21.090  21.483   4.532   0.763   6.871   5.073   0.669   6.891  10.718   0.618   6.818   0.293 0 0 0 0 2 1 
1236 66  46093 1455.56 3562.94  -0.24   0.56  21.299  0.023  21.324  20.613  21.278   5.605   0.905 -80.237   6.515   0.925 -83.029  18.656   0.950 -85.000   0.046 0 0 0 0 0 1 
1236 66 195576  158.41 3424.84   0.04  -0.09  21.810  0.024  22.028  21.732  21.908   3.595   0.780 -87.202   3.681   0.636 -87.451   5.901   0.578 -86.684   0.750 0 0 0 1061999383415006 0 1 
1236 66  14825  802.19  655.90   0.10  -0.12  21.744  0.024  21.862  21.514  21.808   4.482   0.661 -30.070   4.933   0.497 -29.344   9.100   0.418 -28.472   0.363 0 0 0 0 0 1 
1236 66 135023 1792.33   76.45   0.01  -0.01  20.461  0.023  20.740  20.431  20.562   3.126   0.981  76.708   2.979   0.972 -69.470   4.700   0.933 -59.608   0.909 0 0 0 1061999383412777 0 1 
1236 66  92771  990.64 3606.44   0.10  -0.01  21.064  0.023  21.324  20.942  21.223   3.829   0.938  31.491   4.180   0.875  31.019   7.640   0.847  28.254   0.702 0 0 0 0 0 1 
1236 66  58133 1884.80 3977.69  -0.03  -0.10  20.076  0.022  20.074  19.624  20.086   4.716   0.883  54.723   5.295   0.843  53.549  11.226   0.812  53.393   0.000 0 0 0 0 0 1 
1236 66  30102  368.04 3677.97  -1.00  -1.00  -1.000 -1.000  -1.000  -1.000  -1.000  -1.000  -1.000  -1.000  -1.000  -1.000  -1.000  -1.000  -1.000  -1.000  -1.000 -1 -1 -1 -1 -1 -1 
1236 66  51843 1653.72 2208.02  -0.02  -0.06  20.285  0.023  20.509  20.207  20.378   3.324   0.949 -38.067   3.329   0.892 -38.100   5.239   0.856 -39.842   0.753 0 0 0 1061999383414196 0 1 
1236 66 126087 1728.58 4116.63   0.01  -0.05     nan    nan     nan     nan  20.916   3.322   0.864  -7.932     nan     nan     nan     nan     nan     nan     nan 0 0 0 1061999383415460 0 1 
1236 66 161788  841.00 1773.96  -1.00  -1.00  -1.000 -1.000  -1.000  -1.000  -1.000  -1.000  -1.000  -1.000  -1.000  -1.000  -1.000  -1.000  -1.000  -1.000  -1.000 -1 -1 -1 -1 -1 -1 
1236 66  54583  988.52 1981.45   0.13   0.16  22.704  0.027  22.985  22.573  22.822   4.468   0.658  52.184   5.013   0.497  50.701  10.337   0.392  49.439   0.714 0 0 0 0 0 1 
1236 66 187814  770.72  160.40   0.01  -0.01  20.511  0.023  21.328  20.513  20.800   4.199   0.757 -78.017   5.253   0.598 -79.695  21.933   0.299 -85.745   1.000 0 0 0 0 2 1 
1236 66 104649   41.68  820.27  -0.68  -0.27  22.424  0.026  22.649  22.262  22.568   4.533   0.644 -39.272   5.060   0.475 -38.406   9.922   0.388 -37.919   0.613 0 0 0 0 0 1 
1236 66 116962 2015.06 1550.77  -0.06   0.23  20.686  0.023  21.015  20.483  20.937   5.494   0.695 -57.034   6.503   0.625 -56.965  15.105   0.593 -57.594   0.660 0 0 0 1061999383413734 0 1 
1236 66 142765 1987.51  702.59   0.37   0.23  21.707  0.023  22.090  21.486  22.043   5.392   0.739  36.311   6.364   0.688  35.305  16.108   0.660  32.292   0.687 0 0 0 1061999383413161 0 1 
1236 66  42571  182.05 1780.21   0.04  -0.25  21.869  0.024  22.053  21.563  21.955   4.265   0.868  34.822   4.702   0.817  28.579  10.405   0.757  24.461   0.417 0 0 0 0 0 1 
1236 66  31439  208.04 1005.52  -0.17  -0.13  22.568  0.026  22.568  22.060  22.599   5.904   0.561 -36.814   6.904   0.428 -36.442  16.964   0.338 -35.944   0.000 0 0 0 0 0 1 
1236 66 137198   29.50 1538.71   0.50   0.29  21.264  0.023  21.653  21.264  21.439   3.426   0.750  29.473   3.452   0.568  29.756   5.965   0.612  25.573   1.000 0 0 0 0 4 1 
1236 66 130789  401.00 2275.62   0.16  -0.23     nan    nan     nan     nan     nan   2.956   0.976 -73.569     nan     nan     nan     nan     nan     nan     nan 0 0 0 0 3 1 
1236 66  45841  424.07  695.21   0.09   0.22  20.953  0.023  21.076  20.453  21.009   6.434   0.597 -72.947   7.990   0.506 -72.720  22.129   0.437 -72.487   0.239 0 0 0 0 0 1 
1236 66 114666 1468.78  499.80   0.15  -0.04  22.876  0.029  22.971  22.615  22.989   3.524   0.942 -86.099   3.266   0.938 -78.694   5.489   0.990 -85.685   0.291 0 0 0 0 0 1 
1236 66 158476 1513.69  828.80   0.04  -0.13  22.152  0.025  22.350  21.980  22.272   4.227   0.722  77.436   4.546   0.594  77.228   8.378   0.538  77.630   0.565 0 0 0 0 0 1 
1236 66  31643  868.07 2666.97   0.08  -0.22  22.444  0.026  22.510  22.150  22.387   4.207   0.701 -27.816   4.378   0.565 -27.725   7.907   0.530 -27.323   0.202 0 0 0 1061999383414533 0 1 
1236 66 139417 1514.65 2413.38   0.07  -0.14  20.625  0.023  20.954  20.267  20.860   6.722   0.648 -77.348   8.535   0.583 -77.442  24.884   0.532 -77.056   0.547 0 0 0 0 0 1 
1236 66  12384  924.68 3351.98   0.04  -0.33  20.690  0.023  20.964  20.301  20.885   9.223   0.481  85.221  12.353   0.417  85.343  35.526   0.387  85.377   0.471 0 0 0 1061999383414951 0 1 
1236 66 189453 1903.08 1234.99  -0.03  -0.04  20.155  0.023  20.155  19.624  20.139   5.992   0.669 -53.084   7.258   0.584 -52.763  17.804   0.525 -52.602   0.000 0 0 0 1061999383413504 0 1 
1236 66  80543 1083.86 4009.87   0.05  -0.01  21.810  0.024  21.884  21.335  21.813   5.141   0.750   8.080   5.918   0.669   8.061  14.411   0.617   7.753   0.164 0 0 0 0 0 1 
1236 66  72721  850.52 3484.92  -0.12  -0.09  18.855  0.023  19.114  18.403  19.051   9.228   0.565  -1.631  12.476   0.518  -1.254  38.399   0.468  -1.400   0.427 0 0 0 1061999383415046 0 1 
1236 66 100568  323.28 1436.99  -0.07  -0.07  22.876  0.029  22.876  22.577  24.114   4.185   0.714  70.151   4.221   0.580  70.759   7.435   0.480  70.992   0.000 0 0 0 0 0 1 
1236 66  78507 1426.21 2190.78   0.23   0.03  22.752  0.028  22.816  22.563  22.803   3.295   0.907 -13.986   3.026   0.826 -14.217   4.413   0.798 -14.752   0.265 0 0 0 0 0 1 
1236 66  44394 1793.21 2146.04  -0.99  -1.09  22.934  0.029  23.061  22.641  22.812   3.711   0.795  46.672   3.728   0.702  47.672   7.045   0.729  51.023   0.333 0 0 0 1061999383414165 0 1 
1236 66  93626  688.02 2738.31   0.08  -0.12  22.157  0.025  22.218  21.918  22.159   3.467   0.880 -65.535   3.379   0.793 -62.758   5.545   0.725 -60.502   0.217 0 0 0 0 0 1 
1236 66  15199 1101.84   20.85   0.16   0.15     nan    nan     nan     nan     nan   3.891   0.785  59.592     nan     nan     nan     nan     nan     nan     nan 0 0 0 0 0 1 
1236 66 112584 1182.22 2757.13   0.10   0.03  21.359  0.023  21.728  21.236  21.567   4.257   0.880  51.208   4.941   0.813  47.463  10.581   0.800  45.916   0.779 0 0 0 1061999383414585 0 1 
