# Visit  CCD  FakeID  FakeX  FakeY   DiffX   DiffY   CmodMag   CmodErr  ExpMag  DevMag  KronMag  SdssR  SdssBa  SdssPa  ExpR  ExpBa  ExpPa  DevR  DevBa  DevPa  fracDev  SdssMiter ExpMiter DevMiter parentID  nChild  extended
1236 40   5957  597.78  514.47   0.59  -0.94     nan    nan     nan     nan     nan   3.001   0.937 -25.379     nan     nan     nan     nan     nan     nan     nan 0 0 0 0 0 1 
1236 40 114618 1843.14  418.08  -0.27   0.13  22.432  0.031  22.432  22.088     nan   4.611   0.721 -28.589   4.940   0.583 -28.036   9.144   0.505 -27.602   0.000 0 0 0 1061887714263334 0 1 
1236 40 114998  918.97 1960.33  -0.01  -0.33  23.212  0.035  23.213  22.469     nan   6.267   0.644 -15.376   7.796   0.510 -17.731  25.305   0.424 -18.978   0.000 0 0 0 0 0 1 
1236 40  34328 1521.32 1254.48   0.02  -0.04  20.040  0.029  20.149  19.782  20.097   4.019   0.950  51.041   4.265   0.934  50.538   7.592   0.935  51.281   0.319 0 0 0 1061887714263806 0 1 
1236 40 198276 1525.29 2600.24   0.04  -0.04  20.615  0.030  20.660  20.301  20.613   4.113   0.888 -78.774   4.317   0.837 -76.554   7.764   0.807 -75.895   0.136 0 0 0 1061887714264643 0 1 
1236 40  63254   57.19  161.76   0.07  -0.06  20.997  0.030  21.257  20.763  21.141   4.639   0.818 -69.792   5.230   0.747 -67.101  11.470   0.715 -61.623   0.567 0 0 0 0 4 1 
1236 40  16563 1397.62 3258.72   0.07  -0.09  21.343  0.030  21.543  21.214  21.420   4.393   0.650  12.993   4.830   0.487  12.399   8.368   0.428  12.003   0.629 0 0 0 0 0 1 
1236 40 144198 1408.40 1217.83   0.26  -0.11  22.249  0.031  22.467  22.250  22.301   3.022   0.910  75.113   2.636   0.831  76.753   3.432   0.819  73.164   1.000 0 0 0 0 0 1 
1236 40  21686 1090.03  837.17   0.23  -1.56  20.995  0.029  21.053  20.329  21.052   7.832   0.620  81.642  10.046   0.557  81.446  31.055   0.515  81.807   0.104 0 0 0 1061887714263547 0 1 
1236 40  55699  217.78 2472.23   0.07  -0.03  21.423  0.029  21.436  21.117  21.399   3.978   0.791 -78.216   4.086   0.679 -77.302   6.932   0.633 -76.308   0.042 0 0 0 0 0 1 
1236 40 185605 1782.05 2792.46  -0.22  -0.51  22.368  0.031  22.692  21.982  22.576   5.590   0.706  62.107   6.796   0.631  61.407  19.694   0.603  62.141   0.529 0 0 0 0 0 1 
1236 40 191866  361.18  265.41   0.07  -0.06  22.399  0.031  22.617  22.168  22.493   5.041   0.602  66.288   5.661   0.477  64.964  11.958   0.419  65.486   0.526 0 0 0 1061887714263232 0 1 
1236 40  89214   98.84 1149.29  -0.28  -0.01  23.019  0.036  23.231  22.936  23.116   3.493   0.795  20.552   3.323   0.665  15.741   5.107   0.660  10.748   0.736 0 0 0 0 0 1 
1236 40 171163  191.10 3450.08  -1.00  -1.00  -1.000 -1.000  -1.000  -1.000  -1.000  -1.000  -1.000  -1.000  -1.000  -1.000  -1.000  -1.000  -1.000  -1.000  -1.000 -1 -1 -1 -1 -1 -1 
1236 40  45132 1815.08 3448.19   0.14  -0.03  21.207  0.031  21.482  21.117  21.302   3.938   0.802  38.940   4.252   0.693  39.061   7.619   0.642  39.380   0.772 0 0 0 1061887714265144 0 1 
1236 40  10258 1778.54 3596.49   0.68   0.26  22.885  0.034  23.230  22.730  23.017   5.982   0.567 -12.153   6.950   0.431 -13.837  16.260   0.349 -14.765   0.728 0 0 0 0 0 1 
1236 40 128279 1409.30 2162.54  -0.21  -0.10  22.688  0.032  22.688  22.250  22.669   5.212   0.592  -3.517   5.814   0.442  -3.408  12.665   0.360  -3.525   0.000 0 0 0 1061887714264371 0 1 
1236 40  23713  302.12 3902.85  -0.16  -0.03  22.134  0.030  22.467  21.930  22.380   4.578   0.746 -56.481   5.251   0.653 -58.204  12.268   0.606 -58.378   0.667 0 0 0 0 0 1 
1236 40 165477 1141.23 1801.01  -0.05  -0.14  22.535  0.032  22.540  22.264  22.587   4.326   0.594  35.563   4.531   0.402  34.255   7.464   0.321  34.324   0.017 0 0 0 0 0 1 
1236 40 117019  857.61 1910.59  -0.01   0.15  21.431  0.029  21.431  20.779  21.498   5.908   0.733  73.197   6.959   0.674  72.704  19.738   0.612  72.328   0.000 0 0 0 1061887714264206 0 1 
1236 40  97425 1365.46 3798.82  -0.02  -0.02  20.305  0.030  20.511  20.113  20.391   4.701   0.724 -73.110   5.461   0.615 -71.929  10.498   0.570 -70.454   0.544 0 0 0 1061887714265359 0 1 
1236 40  30597 1782.00  969.57  -0.15  -0.19  21.683  0.029  21.683  20.870     nan   7.732   0.603 -35.895  10.058   0.524 -37.493  34.759   0.473 -37.536   0.000 0 0 0 0 3 1 
1236 40 187042  430.63 1853.73  -0.09  -0.10  21.525  0.030  21.645  21.439  21.565   3.152   0.877  -4.411   2.884   0.736  -9.032   3.883   0.663 -12.207   0.585 0 0 0 0 0 1 
1236 40 188844  227.57  323.79   0.02  -0.04  20.421  0.030  20.438  19.976  20.402   5.421   0.695  26.995   6.335   0.596  25.834  13.958   0.537  25.152   0.044 0 0 0 0 0 1 
1236 40 197245 1395.05 2188.98  -0.24  -0.39  23.032  0.035  23.069  22.678  23.059   4.560   0.693  -3.952   4.759   0.570  -2.410   9.217   0.511  -0.079   0.108 0 0 0 1061887714264371 0 1 
1236 40 122357  816.42 3888.02  -0.16  -0.21  22.304  0.031  22.309  21.997  22.278   4.299   0.624  57.285   4.524   0.446  59.002   7.897   0.370  61.002   0.019 0 0 0 0 0 1 
1236 40  91872  205.73 1659.96  -0.07  -0.14  22.314  0.031  22.761  22.061  22.622   6.707   0.605 -29.212   8.438   0.510 -27.157  24.886   0.454 -24.457   0.703 0 0 0 1061887714264043 0 1 
1236 40   2147  314.89  996.49   0.22   0.09  22.159  0.031  22.473  22.135  22.267   3.251   0.857  40.432   3.087   0.751  40.276   4.969   0.780  46.748   0.937 0 0 0 1061887714263659 0 1 
1236 40 122997  626.98 4150.53   0.02  -0.53  21.725  0.030  21.724  21.251     nan   4.806   0.776  61.115   5.345   0.689  58.852  12.005   0.614  56.687   0.000 0 0 0 0 0 1 
1236 40 199845 1465.47 3875.69  -0.79  -0.35  19.745  0.030  19.873  19.705  19.738   2.928   0.897  73.395   2.508   0.801  76.432   2.946   0.781  77.560   0.758 0 0 0 0 0 1 
1236 40  85787 1626.79 2980.32  -0.57  -0.20  21.769  0.030  21.800  21.310  21.789   4.741   0.862  12.380   5.261   0.831   8.091  11.534   0.819   3.318   0.075 0 0 0 1061887714264855 0 1 
1236 40  66808  857.05 4142.86  -0.05   0.14  21.351  0.030  21.609  21.261  21.484   4.113   0.755 -26.724   4.554   0.611 -26.016   8.139   0.536 -26.046   0.758 0 0 0 0 0 1 
1236 40 200412 2004.15 2751.57  -0.15   0.43  22.266  0.031  22.586  22.059     nan   6.496   0.493   1.605   7.887   0.358   2.516  19.314   0.285   3.154   0.654 0 0 0 0 0 1 
1236 40 123284 1942.03 1722.83   0.09  -0.20  22.843  0.034  22.897  22.616  22.806   3.292   0.965  31.532   2.968   0.954   3.216   4.657   0.881 -11.431   0.203 0 0 0 0 0 1 
1236 40   9034  861.40 1315.57   0.06  -0.02  21.823  0.030  21.863  21.523  21.830   4.579   0.658  24.476   4.956   0.505  24.055   9.041   0.430  23.597   0.128 0 0 0 0 0 1 
1236 40 189752  417.89 3238.36  -0.08  -0.26  21.425  0.029  21.845  21.351  21.670   4.308   0.829  29.448   5.045   0.746  31.190  10.886   0.713  29.879   0.870 0 0 0 0 0 1 
1236 40  19993  609.49 3755.03   0.01  -0.01  22.468  0.031  22.469  22.051  22.471   4.233   0.847 -50.115   4.494   0.758 -48.115   8.985   0.710 -45.953   0.003 0 0 0 1061887714265343 0 1 
1236 40   2995 1603.79  938.76   0.02   0.03  21.646  0.030  21.895  21.609  21.723   3.202   0.931  49.773   2.940   0.895  46.396   4.331   0.917  33.396   0.877 0 0 0 0 0 1 
1236 40 118293  713.70 2789.23   0.01  -0.03  20.790  0.029  21.153  20.750  20.975   4.225   0.740  10.577   4.873   0.614  10.286   9.233   0.568   9.238   0.911 0 0 0 0 0 1 
1236 40  31479 1962.83 3339.10   0.17  -0.10  20.587  0.031  21.022  20.264  20.904   6.370   0.882  -6.997   7.942   0.874  -5.103  24.297   0.858  -3.428   0.646 0 0 0 0 3 1 
1236 40  14795  583.07 1864.82   0.08   0.03  20.297  0.029  20.637  20.183  20.524   3.687   0.947   6.763   3.758   0.919  -0.861   8.019   0.792 -29.955   0.772 0 0 0 0 4 1 
1236 40  25129  649.23  404.14  -0.06  -0.09  23.524  0.045  23.541  23.319  23.619   3.666   0.667  76.069   3.497   0.443  79.634   5.080   0.361  82.276   0.082 0 0 0 0 0 1 
1236 40  17109  865.24 2797.12   0.07  -0.03  21.555  0.030  21.555  21.260  21.551   3.783   0.824  72.404   3.735   0.723  73.410   6.125   0.666  73.846   0.000 0 0 0 0 0 1 
1236 40 149409 1694.76 1725.94   0.01  -0.09  20.329  0.029  20.624  20.323  20.448   3.309   0.894 -89.378   3.308   0.807 -84.748   5.057   0.792 -79.817   0.983 0 0 0 1061887714264085 0 1 
1236 40 141480   20.73  550.17   0.27  -0.17     nan    nan     nan     nan     nan     nan     nan     nan     nan     nan     nan     nan     nan     nan     nan 0 0 0 1061887714263403 0 1 
1236 40 131150  394.14 1624.12   0.03  -0.10  22.769  0.033  22.769  22.292     nan   5.448   0.611  39.884   6.119   0.484  39.624  14.125   0.398  40.074   0.000 0 0 0 0 0 1 
1236 40 132993 1101.37 3519.15  -0.07  -0.05  21.384  0.030  21.657  21.345  21.504   3.310   0.979  48.303   3.187   0.972  36.759   5.063   0.946  20.818   0.882 0 0 0 0 0 1 
1236 40  89667  653.42  608.02  -0.02  -0.02  21.172  0.029  21.490  21.167  21.305   3.617   0.831 -55.285   3.828   0.693 -53.952   6.282   0.648 -54.125   0.984 0 0 0 1061887714263419 0 1 
1236 40 193483  281.34 2190.02   0.08  -0.01  21.564  0.030  21.671  21.346  21.627   4.566   0.606  35.637   4.971   0.433  35.016   8.737   0.369  34.749   0.349 0 0 0 0 0 1 
1236 40  27663   75.44 2229.77   0.33   0.54     nan    nan     nan     nan  21.366   6.540   0.640 -83.969     nan     nan     nan     nan     nan     nan     nan 0 0 0 1061887714264367 0 1 
