# Visit  CCD  FakeID  FakeX  FakeY   DiffX   DiffY   CmodMag   CmodErr  ExpMag  DevMag  KronMag  SdssR  SdssBa  SdssPa  ExpR  ExpBa  ExpPa  DevR  DevBa  DevPa  fracDev  SdssMiter ExpMiter DevMiter parentID  nChild  extended
1236 40  91406  530.63 2872.57  -0.16  -0.02  22.840  0.034  22.935  22.590  22.831   3.810   0.847 -48.317   3.793   0.757 -46.802   6.648   0.708 -46.971   0.298 0 0 0 1061887714264789 0 1 
1236 40 188343 1768.29 3640.45   0.22   0.03  21.251  0.031  21.251  20.796  21.209   4.789   0.812   0.676   5.338   0.734   0.003  11.498   0.675  -0.361   0.000 0 0 0 0 0 1 
1236 40 117586  441.19 1111.46  -0.00   0.02  21.173  0.030  21.296  21.003  21.223   3.483   0.930 -17.517   3.403   0.857 -17.984   5.346   0.826 -18.539   0.438 0 0 0 0 0 1 
1236 40 133703   59.04 2850.65  -0.04  -0.09  20.670  0.029  20.952  20.670  20.781   3.252   0.861  36.454   3.193   0.748  34.456   4.752   0.721  32.718   1.000 0 0 0 0 0 1 
1236 40 113494 1564.00  679.70  -0.06   0.11     nan    nan     nan     nan  21.849   4.209   0.744  62.391     nan     nan     nan     nan     nan     nan     nan 0 0 0 1061887714263455 0 1 
1236 40   5957  180.57 2553.62  -1.00  -1.00  -1.000 -1.000  -1.000  -1.000  -1.000  -1.000  -1.000  -1.000  -1.000  -1.000  -1.000  -1.000  -1.000  -1.000  -1.000 -1 -1 -1 -1 -1 -1 
1236 40  38039 1123.24  746.79   0.41  -0.43  22.454  0.031  22.933  22.322  22.885   5.078   0.651 -85.497   5.683   0.547 -84.542  13.841   0.573 -88.375   0.822 0 0 0 0 2 1 
1236 40  13989 1225.05 1495.46  -0.00   0.02  22.630  0.033  22.804  22.622  22.684   3.330   0.672 -71.629   3.176   0.365 -70.331   4.083   0.313 -70.712   0.954 0 0 0 0 0 1 
1236 40 161539 1089.14 1261.51  -0.03  -0.01  21.549  0.030  21.727  21.443  21.598   3.484   0.815  68.220   3.380   0.690  69.142   5.209   0.650  68.992   0.646 0 0 0 0 0 1 
1236 40  75224  696.41 2471.92  -0.63   0.32  22.333  0.031  22.618  22.178  22.455   4.317   0.653  49.170   4.660   0.523  50.328   9.258   0.507  52.177   0.684 0 0 0 1061887714264560 0 1 
1236 40 186203  626.55 3546.47   0.12   0.19  22.631  0.032  22.630  22.202  22.696   5.267   0.538  29.279   5.953   0.370  28.986  12.938   0.290  29.075   0.000 0 0 0 0 0 1 
1236 40 176089 1742.29 1634.43   0.52   0.56     nan    nan     nan     nan     nan   3.238   0.910  35.164     nan     nan     nan     nan     nan     nan     nan 0 0 0 1061887714264021 0 1 
1236 40  30397 1508.61 1482.20  -0.01   0.01  21.417  0.030  21.742  21.357  21.560   4.046   0.783  79.402   4.532   0.654  78.484   8.387   0.604  78.321   0.859 0 0 0 0 2 1 
1236 40  38878  149.23 3418.16   0.22  -0.46  21.631  0.029  21.884  21.434  21.772   4.078   0.928 -19.314   4.401   0.889 -22.292   9.112   0.829 -23.387   0.598 0 0 0 1061887714265125 0 1 
1236 40 190008  454.56 2803.75   0.02   0.01  21.961  0.030  22.036  21.682  21.966   3.861   0.888 -70.239   3.926   0.826 -64.080   6.956   0.792 -59.801   0.229 0 0 0 0 0 1 
1236 40 128740 1042.44 2670.30   0.06  -0.29  21.524  0.030  21.523  21.114  21.484   4.493   0.762   5.714   4.887   0.664   5.242   9.652   0.624   4.663   0.000 0 0 0 1061887714264667 0 1 
1236 40  46093 1455.56 3562.94   0.00   0.11  21.560  0.030  21.611  21.089  21.550   5.368   0.716  13.745   6.214   0.639  11.571  14.714   0.582  10.407   0.115 0 0 0 0 0 1 
1236 40 195576  158.41 3424.84   0.12   0.06  21.730  0.030  22.024  21.709  21.877   3.381   0.909  73.293   3.270   0.867  69.884   5.055   0.900  75.997   0.937 0 0 0 1061887714265125 0 1 
1236 40  14825  802.19  655.90  -0.03  -0.11  21.659  0.030  21.864  21.502  21.739   4.509   0.647 -25.596   5.033   0.474 -25.940   9.227   0.420 -26.181   0.592 0 0 0 1061887714263449 0 1 
1236 40 135023 1792.33   76.45   0.04  -0.07  20.423  0.029  20.707  20.407  20.541   3.229   0.971 -73.272   3.106   0.935 -65.882   4.768   0.917 -61.194   0.948 0 0 0 1061887714263092 0 1 
1236 40  92771  990.64 3606.44  -0.02  -0.05  20.812  0.030  21.211  20.734  21.021   4.176   0.899  22.412   4.773   0.863  20.321   9.945   0.846  17.103   0.856 0 0 0 0 0 1 
1236 40  58133 1884.80 3977.69   0.05  -0.04  20.095  0.031  20.131  19.672  20.058   4.806   0.875  53.792   5.400   0.838  56.056  11.447   0.817  57.015   0.090 0 0 0 0 2 1 
1236 40  30102  368.04 3677.97  -0.28   0.03  21.722  0.029  22.122  21.293  21.978   8.527   0.579 -89.217  11.060   0.517 -89.350  37.760   0.479 -89.674   0.568 0 0 0 0 0 1 
1236 40  51843 1653.72 2208.02  -0.02  -0.09  20.301  0.030  20.521  20.216  20.387   3.441   0.929 -31.370   3.485   0.861 -31.732   5.529   0.820 -31.903   0.734 0 0 0 0 0 1 
1236 40 126087 1728.58 4116.63   0.03  -0.07  20.804  0.031  21.066  20.764  20.876   3.493   0.852   0.270   3.552   0.733  -2.078   5.656   0.679  -2.306   0.876 0 0 0 0 0 1 
1236 40 161788  841.00 1773.96  -1.00  -1.00  -1.000 -1.000  -1.000  -1.000  -1.000  -1.000  -1.000  -1.000  -1.000  -1.000  -1.000  -1.000  -1.000  -1.000  -1.000 -1 -1 -1 -1 -1 -1 
1236 40  54583  988.52 1981.45   0.83   0.64  22.883  0.034  22.883  22.482  22.946   4.371   0.682  52.711   4.603   0.553  51.671   9.237   0.485  50.439   0.000 0 0 0 0 0 1 
1236 40 187814  770.72  160.40   0.04  -0.18  20.714  0.029  21.421  20.653  21.194   4.093   0.793 -78.798   4.443   0.669 -78.834  15.784   0.469  80.829   0.936 0 0 0 0 5 1 
1236 40 104649   41.68  820.27   1.32  -1.27  22.281  0.031  22.281  21.905  22.229   4.816   0.631 -39.843   5.289   0.471 -39.977  10.388   0.385 -40.735   0.000 0 0 0 0 0 1 
1236 40 116962 2015.06 1550.77  -0.06   0.23  21.420  0.030  21.517  21.168  21.416   3.586   0.939  47.159   3.500   0.906  48.565   6.030   0.894  49.244   0.298 0 0 0 0 2 1 
1236 40 142765 1987.51  702.59   0.05  -0.28  22.037  0.030  22.330  21.791  22.205   4.382   0.927  42.190   4.823   0.895  41.041  11.099   0.870  40.020   0.593 0 0 0 0 0 1 
1236 40  42571  182.05 1780.21  -0.07   0.02  22.312  0.031  22.399  22.110  22.329   3.579   0.882   8.107   3.430   0.805   8.179   5.415   0.763   7.373   0.317 0 0 0 0 0 1 
1236 40  31439  208.04 1005.52   0.29  -0.08  22.219  0.031  22.472  21.858  22.368   5.444   0.740 -37.488   6.514   0.624 -37.949  17.537   0.537 -38.134   0.473 0 0 0 0 0 1 
1236 40 137198   29.50 1538.71   0.50   0.29  21.230  0.030  21.567  21.230  21.348   3.610   0.750  30.940   3.786   0.585  28.305   6.173   0.583  22.730   1.000 0 0 0 0 2 1 
1236 40 130789  401.00 2275.62  -0.14  -0.12  22.887  0.034  22.892  22.598  22.892   3.563   0.909  -2.154   3.389   0.818  -2.743   5.394   0.789   0.575   0.019 0 0 0 1061887714264421 0 1 
1236 40  45841  424.07  695.21   0.09  -0.12  20.957  0.029  21.108  20.503  21.056   6.419   0.620 -70.169   7.986   0.523 -69.451  21.477   0.457 -68.784   0.297 0 0 0 0 0 1 
1236 40 114666 1468.78  499.80  -1.00  -1.00  -1.000 -1.000  -1.000  -1.000  -1.000  -1.000  -1.000  -1.000  -1.000  -1.000  -1.000  -1.000  -1.000  -1.000  -1.000 -1 -1 -1 -1 -1 -1 
1236 40 158476 1513.69  828.80  -0.15   0.01  22.172  0.031  22.274  21.982  22.213   4.072   0.717  58.344   4.180   0.580  58.112   6.787   0.522  57.832   0.368 0 0 0 0 0 1 
1236 40  31643  868.07 2666.97   0.13  -0.04  22.422  0.031  22.504  22.173  22.554   3.983   0.778 -17.421   4.138   0.634 -18.494   7.321   0.548 -18.795   0.266 0 0 0 0 0 1 
1236 40 139417 1514.65 2413.38  -0.00  -0.19  20.948  0.030  21.069  20.427  21.012   6.512   0.668 -79.004   8.051   0.594 -78.981  22.543   0.532 -78.556   0.230 0 0 0 0 0 1 
1236 40  12384  924.68 3351.98  -0.03  -0.19  20.590  0.029  20.964  20.179  20.896   9.117   0.495  84.878  12.159   0.426  84.800  40.260   0.381  85.049   0.557 0 0 0 0 0 1 
1236 40 189453 1903.08 1234.99  -0.62  -0.42  19.931  0.029  19.941  19.312  19.917   6.822   0.681 -53.169   8.480   0.621 -52.449  23.668   0.556 -51.486   0.020 0 0 0 1061887714263816 0 1 
1236 40  80543 1083.86 4009.87  -0.04  -0.16  21.921  0.030  21.921  21.405  21.914   5.297   0.707  22.271   6.013   0.617  20.833  14.380   0.551  19.882   0.000 0 0 0 0 0 1 
1236 40  72721  850.52 3484.92  -0.03  -0.04  18.874  0.029  19.136  18.448  19.065   9.016   0.581  -1.074  12.205   0.529  -1.026  36.538   0.477  -1.083   0.440 0 0 0 0 2 1 
1236 40 100568  323.28 1436.99   0.15   0.25  22.851  0.034  22.851  22.556  24.557   3.911   0.774  73.578   3.798   0.665  73.863   6.247   0.615  71.042   0.000 0 0 0 0 0 1 
1236 40  78507 1426.21 2190.78   0.01  -0.26  22.474  0.032  22.658  22.326  22.575   3.537   0.886  15.608   3.508   0.797  12.993   6.031   0.724   9.298   0.581 0 0 0 1061887714264357 0 1 
1236 40  44394 1793.21 2146.04   0.04   0.09  22.221  0.031  22.256  21.683  22.250   6.123   0.604  14.302   7.336   0.499  14.348  19.283   0.411  13.814   0.074 0 0 0 1061887714264342 0 1 
1236 40  93626  688.02 2738.31  -0.12   0.05  22.074  0.030  22.101  21.747  22.061   3.824   0.887  71.573   3.882   0.820  72.788   6.937   0.780  70.358   0.086 0 0 0 1061887714264693 0 1 
1236 40  15199 1101.84   20.85   0.16   0.15     nan    nan     nan     nan  20.734   3.622   0.834  64.608     nan     nan     nan     nan     nan     nan     nan 0 0 0 0 0 1 
1236 40 112584 1182.22 2757.13  -0.02   0.06  21.312  0.030  21.705  21.208  21.530   4.332   0.865  58.607   5.004   0.824  60.763  10.701   0.815  60.897   0.817 0 0 0 0 0 1 
